# This is an example genotype file for demonstrating GMMAT
# Each row represents one SNP for all individuals in the study
# First column is SNP name, second and third columns are alleles (Allele1 and Allele2): it is recommended to use Allele1 for the reference allele and Allele2 for the effect allele, but reversed coding is also allowed and does not affect association test results (users should be cautious with allele coding when interpreting results)
# Starting from fourth column, each column represents one individual
# In this example, there are 400 individuals and 100 SNPs
SNP1	A	T	0	0	NA	NA	0	0	0	0	0	0	0	0	0	0	0	0	0	0	0	0	0	0	0	0	0	0	0	0	0	0	0	0	0	0	0	0	0	0	0	0	0	0	0	0	0	0	0	0	0	0	0	0	0	0	0	0	0	0	0	0	0	0	0	0	0	0	0	0	0	0	0	0	0	0	0	0	0	0	0	0	0	0	0	0	0	0	0	0	0	0	0	0	0	0	0	0	0	0	0	0	0	0	0	0	0	0	0	0	0	0	0	0	0	0	0	0	0	0	0	0	0	0	0	0	0	0	0	0	0	0	0	0	0	0	0	0	0	0	0	0	0	0	0	0	0	0	0	0	0	0	0	0	0	0	0	0	0	0	0	0	0	0	0	0	0	0	0	0	0	0	0	0	0	0	0	0	0	0	0	0	0	0	0	0	0	0	0	0	0	0	0	0	0	0	0	0	0	0	0	0	0	0	0	0	0	0	0	0	0	0	0	0	0	0	0	0	0	0	0	0	0	0	0	0	0	0	0	0	0	0	0	0	0	0	0	0	0	0	0	0	0	0	0	0	0	0	0	0	0	0	0	0	0	0	0	0	0	0	0	0	0	0	0	0	0	0	1	0	0	0	0	0	0	NA	NA	NA	NA	NA	0	0	0	1	1	0	0	0	0	1	0	0	0	0	1	0	0	0	0	0	0	0	0	0	0	1	1	0	0	0	0	0	0	0	0	0	0	0	0	0	0	1	0	0	0	0	0	0	0	0	1	1	0	0	0	0	1	0	0	0	0	1	0	0	0	1	0	0	0	0	1	0	0	0	1	0	1	0	0	0	0	1	0	0	2	0	0	0	0	1	0	0	0	0	0	0	0	0	0	0	0	0	0	0	0	0	0	0	0	0	0	0	0	0	0	0	0	0	0	0	0	0
SNP2	A	C	1	0	1	0	1	0	1	0	0	1	1	1	1	2	1	1	2	0	2	1	1	1	2	1	1	0	1	0	1	1	1	2	2	1	0	0	0	0	2	1	2	1	2	1	2	2	2	1	1	1	1	1	2	2	0	1	1	2	2	1	0	0	2	2	2	2	2	2	2	2	1	1	1	2	1	2	1	2	2	1	2	0	0	1	0	1	2	1	0	2	1	1	2	1	1	1	1	1	0	2	0	2	2	1	0	1	1	2	1	0	0	2	0	2	0	2	0	0	2	1	1	1	1	0	1	2	2	0	1	2	2	2	1	1	2	1	2	2	0	1	1	2	1	2	0	1	2	1	1	2	2	2	2	1	1	1	0	2	1	1	1	1	1	0	0	2	2	2	2	1	1	2	2	1	0	1	1	0	1	1	1	0	0	1	2	2	2	2	2	1	1	1	1	1	1	2	2	0	1	0	1	2	2	2	1	1	1	2	1	1	0	1	1	2	0	1	1	2	0	1	1	1	1	1	1	1	1	1	0	2	1	1	0	0	1	0	1	0	0	2	1	0	1	1	1	0	1	1	2	1	0	1	1	0	1	1	1	2	0	2	0	2	0	1	2	0	0	0	0	1	2	1	1	0	1	0	1	2	1	0	1	1	0	0	1	1	2	0	1	0	1	1	0	0	1	2	1	1	0	0	0	1	0	0	1	0	1	1	0	1	0	2	0	0	1	1	0	2	1	1	0	2	1	0	1	1	2	1	0	1	1	2	1	1	1	0	0	1	0	0	1	0	0	2	1	2	1	1	1	2	1	0	2	1	1	0	1	0	2	1	0	2	0	1	0	1	0	1	1	1	0	1	1	2	0	2	1	1	1	2	1	1	1	2	0	2	2	1	0	1	0	1	1	0	2	1	0	1	1	1
SNP3	A	C	0	0	0	1	1	1	1	1	0	0	0	0	1	2	1	1	2	1	1	0	1	1	0	0	2	1	0	1	0	2	0	0	2	0	1	1	1	0	1	1	1	2	0	0	2	0	1	0	0	0	0	0	2	1	1	1	1	0	0	2	1	0	1	1	1	1	0	0	0	0	1	0	0	0	0	0	0	1	0	1	2	1	1	0	0	1	1	0	0	0	1	0	1	0	0	0	0	0	0	0	1	0	0	0	1	0	1	0	1	1	0	0	1	0	0	0	0	0	0	0	1	1	0	0	0	1	0	1	1	0	2	0	0	0	0	1	0	1	0	2	0	0	2	1	0	0	0	1	0	0	0	0	1	1	0	1	1	0	1	0	1	1	0	0	1	0	0	1	1	0	1	1	0	1	0	0	0	0	0	1	1	0	1	0	0	0	0	0	0	1	0	0	1	0	1	1	0	2	0	0	0	1	1	0	0	0	0	0	0	0	0	0	2	1	0	1	1	1	1	1	0	1	2	0	0	0	0	2	0	0	1	0	0	0	0	1	0	1	1	1	0	0	1	0	0	0	1	0	0	0	0	1	1	0	0	0	0	0	0	0	0	1	0	1	1	2	0	0	0	0	0	0	1	0	0	0	1	1	1	0	1	0	0	0	0	0	1	0	0	0	0	0	1	0	1	0	0	2	0	0	0	0	1	0	0	0	1	0	0	0	0	0	1	0	1	0	0	0	0	0	0	0	0	1	0	0	1	1	0	0	0	1	1	1	1	0	0	0	0	0	0	2	0	0	0	0	1	1	0	0	0	1	0	1	0	0	0	0	0	1	0	0	0	0	0	0	0	0	1	0	1	0	0	0	0	0	0	1	0	0	0	1	0	0	0	0	0	0	0	0	1	0	0	0	0	0	0	1	1	0
SNP4	A	G	1	0	1	1	1	1	0	0	1	1	1	0	0	0	1	1	0	1	1	1	0	0	0	0	1	0	1	0	1	1	0	1	2	2	2	0	0	1	0	0	0	0	0	1	1	0	0	0	0	1	1	0	1	0	1	0	0	1	1	0	0	1	2	1	0	2	1	0	1	0	2	0	0	0	0	0	0	0	1	0	0	1	0	0	0	0	1	0	0	0	1	1	0	0	0	1	2	0	0	0	0	1	0	0	0	0	1	1	0	1	0	0	1	0	0	0	1	1	0	0	1	0	0	0	0	0	0	0	0	0	0	1	0	0	0	1	0	0	1	0	0	0	0	0	0	0	1	1	0	0	1	0	0	0	0	0	0	0	0	0	0	1	0	0	0	0	0	1	0	1	1	0	0	0	0	0	0	0	1	1	1	1	0	0	1	0	0	0	1	2	1	0	0	0	1	1	1	0	0	1	0	1	1	2	1	2	2	2	1	2	0	2	2	2	1	1	2	1	2	1	0	1	0	0	0	2	1	1	1	1	1	2	0	1	2	0	2	1	1	1	1	1	2	2	0	0	2	0	0	1	1	2	2	0	2	0	1	0	1	2	1	2	1	0	0	1	1	2	1	1	2	0	1	0	2	1	2	0	0	1	1	0	0	1	0	0	1	1	0	1	0	1	0	0	0	1	0	0	1	1	1	0	1	0	1	0	1	1	0	0	0	1	1	1	0	1	0	1	0	1	0	0	1	2	1	2	0	1	1	0	2	0	2	0	1	0	2	0	1	0	1	1	0	0	0	0	1	1	1	0	0	2	0	0	2	0	0	1	0	1	0	0	0	2	1	1	1	0	1	0	1	0	0	1	1	1	0	0	0	0	0	1	2	0	0	1	0	1	1	1	1	1	2	1	1	0	1	0	1	0
SNP5	A	G	1	0	2	1	2	1	2	1	1	1	1	1	1	0	1	0	0	1	1	1	2	1	2	1	2	0	2	2	1	2	1	1	1	2	1	2	1	2	2	1	2	1	2	1	1	1	2	0	1	1	2	0	1	2	1	0	1	1	1	1	1	1	1	2	2	2	2	1	1	1	1	1	0	1	0	2	0	2	2	1	2	1	1	1	2	1	1	2	0	0	1	0	0	1	1	1	2	1	1	1	0	1	2	1	2	1	1	2	2	1	0	1	1	2	0	2	1	2	2	1	2	1	1	1	2	2	1	2	1	2	1	1	2	2	2	1	1	2	1	2	1	1	2	1	1	1	2	1	1	2	2	2	1	2	2	0	2	2	2	0	1	1	1	1	1	1	1	2	2	1	2	0	1	2	2	2	1	0	2	2	1	1	1	2	1	1	2	1	2	2	1	2	1	2	1	0	1	2	2	2	2	1	1	1	0	1	2	2	1	0	2	2	2	1	2	2	1	1	2	1	2	1	1	2	0	1	1	2	2	2	1	0	1	1	2	1	2	2	1	2	1	2	2	1	0	1	2	1	2	2	2	1	1	2	2	2	2	0	2	1	2	1	2	1	2	2	2	2	1	1	1	2	2	1	0	1	1	2	2	1	1	0	1	2	2	1	2	2	2	2	1	2	2	1	1	2	1	2	1	1	1	1	2	1	1	1	1	2	0	1	2	2	1	1	1	2	0	1	2	1	1	1	1	1	0	1	0	0	2	1	0	0	2	0	1	1	2	1	0	1	1	0	2	1	2	0	1	1	2	1	0	1	1	0	0	1	1	0	2	2	1	0	0	0	0	1	2	2	0	1	1	1	1	0	0	1	2	1	0	0	0	0	0	1	0	1	2	0	0	1	0	1	0	0	0	0	1	1	1	1
SNP6	A	C	0	0	0	0	0	0	1	1	1	1	1	1	0	0	0	0	0	0	0	0	2	0	1	0	0	0	2	0	0	1	0	0	0	0	0	0	0	0	0	1	0	0	0	0	1	1	0	0	0	0	0	0	0	1	0	0	0	0	0	1	0	0	1	0	0	0	0	0	0	0	0	0	0	0	0	0	0	0	0	0	0	0	0	1	1	1	0	1	1	1	0	0	0	1	1	0	0	0	1	0	0	0	0	0	0	0	1	0	1	1	1	0	0	1	0	0	0	0	1	1	0	1	0	0	0	0	0	0	1	1	0	0	0	0	0	0	1	0	0	1	0	0	0	0	0	0	1	0	0	0	0	0	0	0	0	0	1	0	0	0	1	0	0	0	0	0	0	0	0	0	0	0	0	0	0	0	0	0	0	0	0	0	0	0	0	0	0	0	0	0	0	1	0	0	1	0	1	0	0	0	1	0	0	0	0	0	0	0	0	0	0	0	1	1	0	1	1	0	0	0	0	0	0	1	0	1	0	1	0	1	0	0	0	1	0	0	1	0	0	1	2	0	0	0	0	0	1	1	0	0	0	0	0	1	0	0	0	0	0	1	0	0	0	1	0	0	0	0	0	0	1	0	1	0	1	0	0	0	1	0	0	0	0	0	0	0	0	0	0	1	0	0	0	0	0	0	0	1	0	0	0	0	0	1	0	0	1	0	0	0	1	0	0	0	0	1	0	0	0	0	0	0	1	1	0	1	0	0	0	0	0	0	0	0	0	1	0	0	0	0	1	0	0	0	1	2	1	0	0	0	0	0	0	1	1	0	0	0	1	0	0	1	1	0	0	0	0	0	0	0	0	0	0	0	0	0	1	0	0	0	0	0	0	0	0	0	0	0	0	0	0	0	0	0	0	0	0	0	0	0
SNP7	A	C	0	0	0	0	0	0	0	0	0	0	0	0	0	0	1	0	0	0	0	0	0	0	1	0	0	0	0	0	0	0	0	0	0	0	0	0	0	0	0	0	0	0	0	0	0	0	0	0	0	0	0	0	0	0	0	0	0	0	0	0	0	1	0	0	0	0	0	0	0	0	0	1	0	0	0	0	0	1	0	0	0	0	0	0	0	0	0	0	0	0	1	0	0	0	0	0	0	0	0	1	0	0	0	0	0	0	0	0	0	0	0	0	1	0	1	0	1	0	0	1	0	0	0	0	0	0	0	0	1	0	0	0	0	0	0	0	0	0	0	0	0	0	0	0	0	0	0	0	0	0	0	0	0	0	0	0	0	0	1	0	0	0	0	0	0	0	0	0	0	0	0	0	0	0	0	0	0	0	0	0	0	0	0	0	0	0	0	0	0	0	0	0	0	0	0	0	0	0	0	0	0	0	0	0	0	0	0	0	0	0	0	0	0	0	0	0	0	0	0	0	0	0	0	0	0	0	0	0	0	0	0	0	0	0	0	0	0	0	0	0	0	0	0	0	0	0	0	0	0	0	0	0	0	0	0	0	0	0	0	0	0	0	0	0	0	0	0	0	0	0	0	0	0	0	0	0	0	0	0	1	0	0	0	0	0	0	0	0	0	0	1	0	0	0	0	0	1	0	0	0	0	0	0	0	0	1	0	0	0	0	0	0	0	1	0	0	0	0	0	0	0	0	0	1	0	0	0	0	1	0	1	0	0	0	0	0	0	0	0	0	0	0	0	1	1	0	0	1	0	0	0	0	0	0	0	0	0	1	0	0	0	0	0	0	0	0	0	0	0	0	0	0	0	0	0	0	0	0	0	0	0	0	0	0	0	0	0	0	0	0	0	0	0	0	0	0	0	0	0	0
SNP8	A	C	0	0	0	1	0	0	0	0	0	0	0	0	0	1	0	0	0	0	0	0	0	0	1	0	0	0	1	0	0	0	0	1	1	0	1	0	0	0	0	0	0	0	0	1	0	0	0	0	0	1	0	0	1	0	0	0	0	0	0	0	0	0	1	0	0	0	0	0	0	0	0	0	0	0	0	0	0	0	0	0	0	0	0	0	1	0	0	0	0	0	0	0	0	0	0	0	0	1	1	0	0	0	0	0	0	0	0	0	0	0	0	0	0	0	0	0	0	0	0	0	0	0	0	0	0	0	0	0	0	0	0	1	0	0	1	1	0	0	0	1	0	0	0	0	0	0	0	0	1	0	1	0	0	0	0	1	0	1	0	0	0	0	0	1	0	0	0	0	0	0	1	0	1	0	0	0	0	0	0	0	1	0	1	0	0	0	1	0	0	0	0	0	0	0	0	0	0	0	0	0	0	0	0	0	0	0	0	0	0	0	1	1	0	1	0	0	1	1	1	0	0	0	0	0	0	0	1	0	0	0	1	0	0	0	0	0	0	0	1	0	1	2	0	1	1	1	1	1	1	1	0	1	1	0	0	1	0	0	0	1	2	0	0	0	1	0	0	1	0	0	0	1	0	1	0	1	0	1	1	0	1	0	0	1	1	0	0	0	1	0	0	0	1	0	0	0	1	1	1	0	0	0	0	0	0	0	1	1	0	0	0	1	0	0	0	1	0	2	1	0	0	1	0	0	0	0	1	0	0	0	0	0	0	0	0	0	0	0	0	0	0	0	1	0	0	0	1	0	0	0	0	0	0	0	0	0	0	1	0	0	1	0	0	0	2	1	0	0	0	1	0	0	1	0	0	1	1	0	0	0	0	0	1	0	0	0	0	0	0	1	1	0	0	1	0	0	0	0	0	1
SNP9	A	C	2	2	2	2	2	2	2	2	2	1	2	2	1	2	1	2	2	2	2	2	1	2	2	2	2	1	2	2	1	1	2	2	2	0	1	2	1	2	2	2	1	2	2	2	2	2	1	1	2	2	1	0	0	1	0	0	0	0	0	1	0	2	0	2	2	2	1	2	2	1	2	1	1	1	1	2	0	2	1	0	1	1	1	0	1	0	2	2	1	0	1	2	1	1	0	2	2	0	2	1	1	0	0	1	2	1	0	0	1	1	2	0	0	1	1	0	1	1	1	2	1	1	0	0	0	1	0	1	0	0	1	1	1	1	0	0	1	1	2	1	2	0	0	0	0	1	1	0	2	1	1	0	1	0	2	0	0	0	0	2	0	0	0	1	0	2	0	2	1	0	1	0	0	0	0	0	0	1	1	1	0	0	0	0	1	1	0	0	0	0	0	0	0	1	0	0	1	1	0	0	2	1	0	1	1	0	1	1	0	0	1	0	1	1	0	1	0	0	1	2	0	0	1	2	0	0	0	1	0	1	1	0	0	1	0	0	2	1	2	1	1	0	2	0	0	1	1	1	1	0	0	2	0	1	0	0	0	1	1	0	0	0	0	1	0	0	1	0	1	0	1	1	1	0	0	0	1	0	1	1	0	0	1	1	1	0	0	0	0	1	0	0	1	2	0	0	0	1	0	0	2	1	0	0	1	0	0	0	1	0	0	0	1	0	1	0	1	0	1	1	0	0	1	1	1	1	0	0	0	0	0	1	0	1	0	0	0	0	0	0	0	0	0	0	0	0	0	0	1	0	0	0	0	0	1	1	0	0	0	0	1	1	0	0	0	1	0	2	0	0	1	0	0	1	0	0	1	0	0	0	1	0	2	0	0	2	1	1	0	0	0	0	0	0	0	0	0	0	0	0
SNP10	A	G	1	1	1	1	1	0	0	1	1	0	1	1	0	1	1	0	0	0	1	0	1	2	1	1	1	1	1	0	1	1	0	0	0	0	0	0	1	0	1	2	1	1	0	1	1	0	2	1	1	1	0	2	0	0	2	1	1	0	0	0	1	1	2	1	0	1	2	1	0	1	0	2	0	1	0	0	1	0	0	1	0	1	1	0	0	1	0	0	1	1	0	0	1	0	0	0	1	0	1	1	0	1	1	0	2	0	2	1	1	1	0	0	0	1	0	0	0	0	0	1	1	0	0	0	2	1	1	1	0	1	0	0	0	1	2	1	2	1	0	0	0	0	1	1	0	1	0	0	0	1	1	0	0	0	2	0	0	0	0	0	1	0	2	1	0	0	1	0	2	0	1	0	0	0	1	1	0	1	1	0	1	0	0	0	0	0	1	1	0	1	0	0	0	1	1	1	0	0	0	1	0	0	1	2	2	1	1	1	2	0	1	1	1	1	1	0	1	2	2	1	2	0	0	0	1	0	1	2	1	1	0	2	1	1	1	1	0	1	0	0	1	0	0	0	0	0	0	0	0	1	1	1	0	0	0	0	0	0	0	2	0	0	0	0	0	0	0	0	0	0	0	0	0	0	0	0	0	0	0	0	0	0	0	0	0	0	0	0	0	0	0	0	0	0	1	0	0	1	1	0	1	1	0	0	1	0	0	0	0	0	1	1	0	1	0	0	1	0	0	0	0	0	1	0	1	0	0	0	0	0	0	1	0	0	0	0	0	0	0	0	0	0	0	1	1	0	0	0	0	0	0	0	1	0	0	0	0	0	0	0	0	0	1	2	0	0	0	0	0	0	0	0	0	0	1	1	0	0	1	0	0	0	0	0	0	1	0	1	0	0	0	0	0	1	0	1	1	0	0	0
SNP11	A	T	0	0	0	1	0	0	0	0	1	0	0	0	0	0	0	0	0	0	0	0	0	0	0	0	0	1	0	0	2	0	0	0	0	0	0	0	0	1	0	0	0	1	0	0	0	0	0	0	1	0	0	0	1	1	1	0	0	0	0	2	0	0	0	1	1	1	0	0	0	0	0	0	1	0	0	0	1	0	1	1	0	0	0	1	0	0	0	0	1	0	0	1	0	2	0	1	0	1	1	0	0	1	0	1	0	0	0	1	1	0	1	0	0	0	1	1	0	1	1	1	1	0	0	0	1	0	0	1	0	0	0	1	0	0	0	1	1	1	0	0	1	0	0	0	0	1	0	0	0	0	1	0	1	0	0	1	0	0	0	1	0	0	0	0	0	0	0	1	0	0	0	0	0	0	0	0	0	0	0	0	0	0	0	0	0	0	0	0	0	0	0	0	0	0	1	0	0	0	0	0	0	0	0	0	0	0	0	1	0	0	0	0	0	0	0	0	1	0	0	0	0	0	0	0	0	0	0	0	0	0	0	0	0	0	1	0	0	1	1	0	1	0	0	0	0	0	0	1	0	0	0	0	0	1	0	0	0	0	0	0	1	0	0	0	0	0	0	0	0	0	0	0	0	0	0	0	0	0	1	0	0	0	0	0	1	0	0	1	0	0	0	0	0	1	0	0	0	0	0	0	1	1	0	0	2	0	0	0	1	0	1	0	0	1	0	0	0	0	0	0	0	0	0	0	1	1	0	0	1	0	0	0	0	0	2	0	0	0	0	0	0	0	0	1	0	0	0	1	0	1	0	0	0	0	0	0	0	0	0	0	0	0	0	0	0	0	0	0	1	0	0	0	0	0	0	1	0	1	0	0	0	0	0	0	0	1	1	0	0	1	1	0	0	0	0	1	1	0	0	0
SNP12	A	T	0	0	0	0	0	0	0	1	0	0	0	0	2	0	0	1	1	0	0	1	1	0	0	0	1	0	0	1	0	1	1	0	0	1	1	0	0	0	0	0	0	1	0	0	1	0	0	2	1	0	1	0	0	0	0	1	1	0	0	0	1	0	1	1	0	1	2	0	2	1	0	0	0	0	0	0	0	0	0	0	0	0	0	0	0	0	0	0	1	1	0	0	1	0	0	0	0	0	1	0	0	0	0	0	0	1	0	1	0	1	0	0	0	0	0	0	0	1	1	1	0	0	1	0	0	0	0	0	1	1	0	0	1	0	0	1	1	0	0	1	0	0	0	0	0	0	0	0	0	0	0	1	0	0	0	0	1	0	0	1	0	1	0	0	0	0	1	0	0	0	0	0	0	1	0	0	0	0	0	0	0	0	0	0	0	0	0	0	1	0	1	1	1	2	0	1	0	0	0	1	0	0	0	0	1	1	0	1	1	0	0	1	0	0	2	1	0	0	1	1	0	1	0	0	1	1	0	1	1	0	0	1	0	0	0	1	0	0	0	1	0	0	0	0	0	2	1	0	0	0	1	1	1	0	0	0	0	0	1	0	0	0	0	2	0	1	0	0	0	0	0	0	0	0	0	1	1	1	0	1	1	1	2	0	0	0	0	1	0	0	0	0	0	0	0	2	1	0	0	0	0	0	0	1	1	0	0	2	0	0	1	0	0	0	1	0	1	0	0	0	0	1	0	0	0	0	0	0	1	1	0	0	0	0	0	0	0	0	0	0	0	0	2	0	0	1	0	0	0	0	0	1	0	1	0	0	0	0	1	0	0	1	1	0	1	0	1	0	2	0	0	0	1	1	2	0	2	0	1	2	0	1	0	0	1	1	1	2	0	1	0	1	0	0	0	0	1	2	1	0
SNP13	A	G	0	0	0	0	0	0	1	0	0	0	0	0	0	0	1	0	1	0	0	0	0	0	0	0	0	0	0	0	0	0	0	0	0	1	0	1	0	0	0	0	0	0	0	0	0	0	0	0	0	0	0	0	0	0	0	0	0	0	0	0	0	0	0	0	0	0	0	0	0	0	0	0	0	0	0	0	0	0	0	0	0	0	0	0	0	0	0	0	0	0	0	0	0	0	0	0	0	0	0	0	0	0	0	0	0	0	0	0	0	0	0	0	0	0	0	0	0	0	0	0	0	0	0	0	0	0	0	0	0	0	0	0	0	0	0	0	0	0	0	0	0	0	0	0	0	0	0	0	0	0	0	0	0	0	0	0	0	0	0	0	0	0	0	0	0	0	0	0	0	0	0	0	0	0	0	0	0	0	0	0	0	0	0	0	0	0	0	0	0	0	0	0	0	0	0	0	0	0	0	0	0	0	0	0	0	0	0	0	0	0	0	0	0	0	0	0	0	0	0	0	0	0	0	0	0	0	0	0	0	0	0	0	0	0	0	0	0	0	0	0	0	0	0	0	0	0	0	0	0	0	0	0	0	0	0	0	0	0	0	0	0	0	0	0	0	0	0	0	0	0	0	0	0	0	0	0	0	0	0	0	0	0	0	0	0	0	0	0	0	0	0	0	0	0	0	0	0	0	0	0	0	0	0	0	0	0	0	0	0	0	0	0	0	0	0	0	0	0	0	0	0	0	0	0	1	0	0	0	0	0	0	0	0	0	0	0	0	0	0	0	1	0	0	0	0	0	0	0	0	0	0	0	0	0	0	0	0	0	0	0	0	0	0	0	0	0	0	0	0	0	0	0	0	0	0	0	0	0	0	0	0	0	0	0	0	0	0	0	0	0	0	0	0	0	0	0	0	0	0	0
SNP14	A	C	1	0	2	1	0	0	0	1	0	0	1	1	0	1	1	1	0	1	0	0	0	0	1	0	0	1	0	1	0	1	0	0	0	1	0	1	0	1	0	2	2	2	0	1	1	0	1	2	1	0	1	1	0	0	1	1	1	0	0	2	1	2	0	1	1	2	2	1	1	2	2	0	1	2	1	1	0	1	1	1	2	0	0	1	1	1	1	0	1	0	1	1	0	1	2	0	1	1	0	2	1	1	0	0	2	1	0	1	1	0	0	1	0	0	1	0	1	1	0	1	2	0	1	1	1	0	0	0	2	1	1	0	0	0	1	1	1	1	1	1	1	1	1	0	0	0	1	0	0	0	1	0	0	1	0	1	1	1	0	0	0	1	0	1	1	0	1	2	0	0	0	1	0	0	1	0	0	1	1	0	0	2	1	1	1	0	1	1	0	1	1	0	1	0	1	0	1	0	0	0	1	0	0	1	0	0	0	1	0	0	0	1	1	1	0	0	1	0	0	0	0	0	2	1	1	0	2	1	1	0	0	0	2	0	0	1	0	0	0	1	1	1	1	0	0	0	0	2	1	0	0	0	0	0	0	0	1	0	0	1	0	0	0	1	0	0	0	1	1	0	0	0	0	0	0	1	0	0	0	0	0	0	0	1	0	0	0	0	0	0	0	0	0	0	0	0	0	1	0	0	2	0	0	1	0	0	0	0	0	0	0	0	0	0	0	0	0	0	0	0	1	0	0	0	1	1	0	0	0	0	1	0	0	0	0	1	0	0	1	0	0	1	0	1	1	1	1	1	1	0	0	0	0	0	0	0	1	0	1	0	0	1	0	0	1	1	0	0	0	1	2	0	1	0	0	1	1	0	1	1	0	0	0	0	0	2	0	1	0	1	0	1	0	0	2	1	1	0	1	1
SNP15	A	C	0	0	1	0	0	0	0	0	0	0	0	0	0	0	0	0	0	0	0	0	0	0	0	0	0	0	0	0	0	2	0	0	0	0	0	0	0	0	0	0	0	0	0	0	0	0	0	0	0	0	0	0	0	0	0	0	1	0	0	0	0	0	0	0	0	1	0	0	0	0	0	0	0	0	0	0	1	0	0	0	0	0	1	0	0	0	0	0	0	0	1	0	0	1	0	1	0	0	1	0	0	0	0	0	1	0	0	0	1	0	1	0	0	0	1	0	0	1	0	0	0	0	0	0	0	0	1	1	0	0	0	0	0	0	0	0	0	1	0	1	0	0	0	0	0	0	0	1	0	0	0	0	1	1	0	0	0	0	0	0	0	0	0	0	0	0	0	0	0	0	0	0	0	0	0	1	0	0	0	0	0	0	0	0	0	0	0	1	0	0	0	0	1	0	0	1	0	0	0	0	1	1	1	0	0	0	0	0	0	0	0	1	0	0	0	0	0	0	0	0	0	0	2	0	1	1	1	1	0	0	0	0	0	0	0	1	0	1	0	0	0	0	0	0	0	0	0	0	0	0	0	0	0	0	0	0	0	0	0	0	0	0	0	0	0	0	0	0	0	0	0	0	0	0	0	0	0	0	0	0	0	0	0	0	0	0	0	0	0	0	0	0	0	0	0	0	0	0	0	0	0	0	0	0	0	0	0	0	0	0	0	0	0	0	0	0	0	0	0	0	0	0	0	0	1	0	0	0	0	0	0	0	0	0	0	0	0	0	0	0	0	0	0	0	0	0	0	0	0	0	0	0	0	0	0	0	0	0	0	0	0	0	0	0	0	0	0	0	0	0	0	0	0	0	0	0	0	0	0	0	0	0	0	0	0	0	0	0	0	0	0	0	0	0	0	0	0	0	0	0
SNP16	A	G	0	0	0	0	0	0	0	0	0	0	0	0	0	1	0	1	0	0	0	0	0	0	0	0	0	0	0	0	0	0	0	0	0	0	0	0	0	0	0	0	0	1	0	0	0	0	0	0	0	0	0	0	0	1	1	0	1	1	0	0	0	0	0	0	0	0	0	0	0	1	0	0	1	0	0	1	0	0	0	0	0	0	0	0	0	0	0	0	0	0	0	0	0	0	0	0	0	0	0	0	0	0	1	0	0	0	0	0	1	0	0	0	0	0	0	0	0	0	1	1	0	0	1	0	1	1	0	1	0	0	0	0	0	0	0	0	0	0	0	0	1	0	0	0	0	1	0	0	1	0	0	0	0	0	0	0	1	0	0	0	0	1	1	0	0	0	0	0	0	0	1	0	0	0	0	1	0	0	0	0	0	0	0	1	0	0	0	1	1	0	0	0	0	1	0	0	0	1	0	0	0	0	0	1	0	0	0	0	1	1	1	1	0	0	1	0	0	0	0	0	0	0	0	2	0	0	0	0	0	0	0	0	0	0	1	0	0	0	0	0	0	0	0	0	0	0	0	0	0	0	0	0	0	0	0	0	0	0	0	0	1	0	0	0	0	0	0	0	1	0	0	0	2	1	0	0	0	0	0	0	0	0	0	0	0	0	0	2	1	1	0	0	0	0	0	1	0	2	0	0	0	1	1	0	0	1	0	0	0	1	0	0	0	0	0	0	1	1	0	0	0	0	0	0	0	0	0	1	0	1	0	0	2	0	1	0	0	0	0	0	0	0	0	0	0	0	0	1	1	1	0	0	0	1	0	1	0	0	0	0	0	0	0	0	0	0	0	0	0	0	0	0	0	0	0	0	0	0	0	0	0	0	0	0	0	0	0	0	0	0	0	0	0	0	0	0	1	0	0	0
SNP17	A	C	1	2	1	0	0	1	0	0	1	1	0	1	0	0	1	1	0	1	0	2	1	1	1	0	1	0	0	0	0	1	0	0	0	1	1	0	0	0	0	1	0	1	0	0	1	0	1	1	0	0	1	0	1	1	0	0	1	1	0	0	1	0	0	0	0	0	0	1	0	0	0	0	1	0	2	1	0	0	1	0	0	0	1	1	0	1	2	1	1	1	1	1	1	0	2	0	0	1	0	2	0	2	0	0	0	1	0	0	1	1	0	0	0	1	1	2	1	1	1	1	0	1	1	1	2	2	2	1	0	0	1	0	0	1	0	2	1	0	1	0	1	0	1	0	0	0	2	1	2	0	0	1	1	2	1	1	0	0	2	2	2	2	1	0	1	0	2	1	1	1	1	1	1	1	1	1	2	0	1	1	1	1	0	2	0	1	1	1	2	1	0	1	1	0	0	0	1	1	1	1	0	0	1	1	2	1	1	0	0	1	0	1	1	1	0	2	1	0	1	1	1	1	0	0	1	0	0	1	1	0	0	0	0	0	1	0	2	1	0	2	1	0	2	0	2	1	1	0	0	1	0	1	0	0	1	1	1	0	1	1	0	1	1	0	2	0	0	0	0	2	1	1	2	1	1	0	1	0	0	1	0	1	0	1	0	2	0	0	1	1	0	0	1	0	0	0	0	2	0	2	1	1	1	1	1	1	0	0	1	1	0	1	1	2	1	2	1	2	1	1	0	2	1	1	0	1	1	1	1	1	0	0	2	0	1	0	1	1	1	1	0	1	1	2	1	2	0	1	0	1	2	1	0	0	1	0	1	1	1	1	0	1	2	0	1	1	0	1	2	1	0	0	0	0	1	0	1	1	1	2	2	1	0	0	1	1	1	1	2	2	1	1	1	2	0	0	0	1	1	1
SNP18	A	G	0	0	0	1	0	2	0	0	0	0	0	1	1	0	1	0	0	0	2	0	1	1	0	0	0	1	0	0	0	1	1	0	0	0	0	0	0	1	0	1	1	0	0	1	0	0	0	0	0	0	2	1	0	0	1	0	1	2	1	0	0	0	0	0	0	0	0	0	0	1	0	0	0	1	0	0	0	1	0	0	0	0	1	0	0	0	0	0	1	0	0	0	0	0	0	0	0	0	0	0	0	1	0	0	0	0	0	0	0	1	0	0	0	0	2	0	1	0	0	0	0	1	1	0	1	1	0	0	0	2	1	0	0	0	0	0	0	0	0	0	1	1	1	0	1	1	0	0	1	0	0	1	0	0	1	0	0	1	0	1	1	0	1	0	1	0	0	0	1	0	0	0	0	1	1	1	0	0	0	1	0	1	1	1	0	1	0	1	1	0	1	1	0	0	0	0	0	0	1	0	0	1	1	0	1	2	0	0	1	0	1	1	0	0	1	1	0	0	0	1	0	2	1	2	0	0	1	1	0	0	0	2	0	0	1	1	1	2	0	1	0	0	0	0	0	1	1	1	0	0	1	0	0	0	0	1	1	0	0	0	0	0	0	0	1	0	1	0	0	0	0	0	1	0	0	1	1	2	0	1	1	0	0	0	0	1	0	0	0	0	1	1	1	0	0	0	0	0	1	0	0	0	1	0	0	0	0	0	0	1	0	0	1	0	0	0	0	0	0	0	0	0	0	1	1	0	1	1	0	0	1	1	0	0	0	0	0	0	1	1	0	0	0	0	1	1	2	0	1	1	1	0	1	0	0	0	0	1	1	1	1	1	1	1	0	0	0	1	0	0	0	1	0	1	1	1	2	1	1	1	1	1	1	1	1	1	1	1	0	1	0	1	1	0	2	0	0	1	2	1
SNP19	A	T	0	0	0	0	0	1	0	0	0	0	0	0	0	0	1	0	0	0	0	0	0	0	0	0	0	0	1	0	0	0	0	0	0	0	0	0	0	0	0	0	0	0	0	0	0	0	0	0	0	0	0	0	0	1	0	0	0	0	0	0	0	0	0	0	0	0	0	0	0	0	0	0	0	0	0	1	0	0	0	0	0	0	0	0	0	1	0	0	0	0	1	0	0	0	0	0	0	1	1	0	0	0	0	0	0	0	0	0	0	0	0	0	0	0	0	0	0	0	0	0	1	0	0	0	0	0	0	0	0	0	1	0	0	0	0	0	0	0	0	0	0	0	0	0	0	0	0	0	0	0	0	0	0	0	0	0	0	0	0	0	0	0	1	0	0	0	0	0	0	0	1	1	0	0	0	0	1	0	0	0	0	0	0	0	0	0	0	0	1	0	0	1	1	0	0	0	0	0	0	1	0	0	1	0	0	0	1	0	0	0	0	0	0	0	1	0	0	0	0	0	1	1	0	0	1	0	0	0	0	0	0	0	0	0	0	0	0	0	0	0	0	0	2	0	0	0	0	0	0	0	1	1	0	0	0	0	0	1	0	1	1	1	0	0	1	0	0	0	0	0	1	0	0	0	0	0	1	0	0	0	0	0	0	0	0	0	0	0	0	1	0	1	0	1	0	0	0	0	0	0	0	1	0	0	1	1	0	0	0	0	1	0	0	0	1	0	1	0	0	0	0	0	0	1	0	0	0	0	1	1	0	0	0	0	1	1	0	0	0	0	1	1	0	0	0	0	0	1	0	0	0	1	0	0	0	1	0	0	0	0	0	0	0	1	0	1	1	0	0	0	0	2	1	0	0	0	1	0	1	0	0	0	0	0	1	0	0	1	0	0	0	0	0	1	0	0	0	1	1	1
SNP20	A	T	0	0	0	0	0	0	0	0	0	0	1	0	1	0	1	0	0	0	0	0	0	0	0	0	0	0	0	0	0	1	0	0	0	0	0	0	0	0	0	0	0	0	0	0	0	0	0	0	0	0	0	0	0	0	0	0	0	0	0	0	0	0	1	0	0	0	0	0	0	0	0	0	0	0	0	0	0	0	0	0	0	0	0	0	0	0	0	0	0	0	0	1	1	1	0	1	0	0	0	0	0	1	0	1	1	0	0	0	0	1	0	0	0	0	0	0	0	0	0	0	0	0	0	0	0	0	0	0	0	0	0	0	0	0	0	0	0	0	0	1	0	0	0	0	0	1	0	1	0	1	1	0	0	1	0	0	0	0	0	0	1	2	0	0	0	1	0	0	0	0	0	0	0	0	0	0	0	0	0	1	0	0	0	0	0	0	0	0	0	0	0	0	0	0	0	0	0	0	1	0	0	0	0	0	0	1	0	1	0	0	1	0	0	1	0	0	0	0	0	0	0	0	0	0	0	0	0	0	0	0	0	0	0	0	0	1	1	0	0	0	0	0	0	0	0	0	0	0	0	0	0	0	0	0	0	0	0	0	0	0	0	0	0	0	0	0	0	0	0	0	0	0	0	0	0	0	0	0	0	0	0	0	0	0	0	0	0	0	0	0	0	0	0	0	0	0	0	0	0	0	0	0	0	0	0	0	0	0	0	0	0	0	0	0	0	0	0	0	0	0	0	0	0	0	0	1	0	0	0	0	0	0	0	0	0	1	0	1	0	0	0	0	0	0	0	0	0	0	0	0	0	1	0	0	0	0	0	1	0	0	0	1	1	1	0	1	0	0	0	1	0	0	1	0	1	0	0	0	0	1	0	0	1	1	0	1	1	1	0	0	0	0	0	1	0	1	1	0	0	0
SNP21	A	T	0	0	0	0	0	0	0	0	0	0	0	0	0	0	0	0	0	0	0	0	0	0	0	0	0	0	0	0	0	0	1	1	0	1	1	0	0	0	0	0	0	0	0	0	0	2	0	0	0	0	0	1	0	0	0	0	0	0	0	0	0	0	0	0	0	0	0	0	0	0	0	0	0	0	0	0	0	0	1	0	0	0	0	0	0	0	1	0	0	0	1	0	0	0	0	0	0	0	0	0	0	2	0	0	0	0	0	0	0	0	0	0	0	0	1	0	0	0	0	0	0	0	1	1	1	1	0	0	1	0	0	0	1	1	0	1	0	0	0	0	0	2	0	0	0	0	0	1	0	0	0	0	1	0	0	0	0	0	0	0	0	1	1	0	0	0	0	0	0	0	0	1	0	1	0	0	0	0	0	1	0	0	0	0	0	0	0	0	1	0	0	0	0	0	0	0	0	1	0	0	0	0	0	0	0	0	0	1	0	0	0	0	0	1	0	0	0	1	0	0	0	0	0	0	1	0	0	0	0	0	0	0	1	0	0	0	0	0	0	0	0	0	0	0	0	0	0	0	0	0	0	0	0	0	0	0	0	0	0	0	0	0	0	0	0	0	0	0	0	0	0	0	0	0	0	0	0	0	0	0	0	0	0	0	0	0	0	0	0	0	0	0	0	0	0	0	0	0	0	0	0	0	0	0	0	0	0	0	0	0	0	0	0	0	0	0	0	0	0	0	0	0	0	0	0	0	0	0	0	0	0	0	0	0	0	0	0	0	0	0	0	0	0	0	0	0	0	0	0	0	0	0	0	0	0	0	0	0	0	0	0	0	0	0	0	0	0	0	0	0	0	0	0	0	0	0	0	0	0	0	0	0	0	0	0	0	0	0	0	0	0	0	0	0	0	0	0	0	0	0
SNP22	A	C	0	0	0	0	0	0	0	0	0	0	0	0	0	0	0	0	0	0	0	0	0	0	0	0	0	0	0	0	0	0	0	0	0	0	0	0	0	0	0	0	0	0	0	0	0	0	0	0	0	0	0	0	0	0	0	0	0	0	0	0	0	0	0	0	0	0	0	0	0	0	0	0	0	0	0	0	0	0	0	0	0	0	0	0	0	0	0	0	0	0	0	0	0	0	0	0	0	0	0	0	0	0	0	0	0	0	0	0	0	0	0	0	0	0	0	0	0	0	0	0	0	0	1	0	0	0	0	0	1	0	0	0	0	0	0	0	1	0	0	0	0	0	0	0	1	0	0	1	0	0	0	0	0	0	1	0	1	0	1	0	0	0	0	0	0	0	0	0	0	0	0	0	0	0	0	0	0	0	0	0	0	0	0	0	0	0	0	0	0	0	0	0	0	0	0	0	0	0	0	0	0	0	0	0	0	0	0	0	0	0	0	0	0	0	0	0	0	0	0	0	0	0	0	0	0	0	0	0	0	0	0	0	0	0	0	0	0	0	0	0	0	0	0	0	0	0	0	0	0	0	0	1	0	0	0	0	0	0	0	0	0	0	0	0	0	0	0	0	0	0	0	1	0	0	0	0	0	1	1	0	0	0	0	0	0	0	0	0	0	0	0	0	0	0	0	0	0	0	0	0	0	0	0	0	0	0	0	0	0	0	0	0	0	0	0	0	0	0	0	0	0	0	0	0	0	0	1	0	0	0	0	0	0	0	0	0	0	0	0	0	0	0	0	0	0	0	0	0	0	0	0	0	0	0	0	0	0	0	0	0	0	0	0	0	0	0	0	0	0	0	0	0	0	0	0	0	0	0	0	0	0	0	0	0	0	0	0	0	0	0	0	0	0	0	0	0	0	0	0	0
SNP23	A	T	0	0	0	0	0	0	0	0	0	0	0	0	0	0	0	0	0	0	0	0	0	0	0	0	0	0	0	0	0	0	0	0	0	0	0	0	0	0	0	0	0	0	0	0	0	0	0	0	0	0	0	0	0	0	0	0	0	0	1	0	0	0	0	0	0	0	0	0	0	0	0	0	0	0	0	0	1	1	0	0	0	0	0	1	0	0	0	0	0	0	0	0	0	0	0	1	0	0	0	0	0	0	0	0	1	0	0	0	0	0	0	0	0	0	0	0	0	0	0	0	0	0	0	0	0	0	0	0	0	0	0	0	0	0	0	0	0	0	0	0	0	0	0	0	0	0	0	0	0	0	0	0	0	0	0	0	0	0	0	0	0	0	0	0	0	0	0	0	0	0	0	0	0	0	0	0	0	0	0	0	0	0	0	0	1	0	0	0	0	0	0	0	1	0	0	0	0	0	0	0	0	0	0	0	0	0	0	0	0	0	0	0	0	0	0	0	0	1	0	0	0	0	0	0	0	0	0	0	0	0	0	0	0	0	0	0	0	0	0	0	0	0	0	0	0	0	0	0	0	0	0	0	0	0	0	1	0	0	0	0	0	1	0	0	0	0	0	0	0	0	0	0	1	0	0	0	0	0	0	0	0	1	0	0	0	0	0	0	1	0	0	0	1	0	0	0	0	0	1	0	0	0	0	0	0	0	0	0	0	0	0	0	0	0	0	0	0	1	0	1	0	0	1	1	0	0	0	0	0	1	0	0	0	0	0	0	0	1	1	0	1	0	2	1	0	0	1	0	0	0	0	0	0	0	0	1	0	0	0	0	0	0	0	0	0	0	0	0	0	0	0	0	0	0	0	0	0	0	0	1	0	0	0	0	0	0	0	0	0	0	0	0	0	0	0	0	0	0	0	0
SNP24	A	T	1	1	0	1	0	0	0	0	0	1	1	1	0	0	0	1	1	1	0	1	0	0	1	0	1	0	0	0	2	0	0	1	1	0	0	2	1	1	0	0	1	0	0	1	0	0	0	0	0	0	1	0	0	1	0	1	1	0	0	1	0	1	0	0	0	1	0	0	1	0	0	1	0	0	0	1	0	1	0	1	1	1	1	1	0	0	0	1	0	1	0	1	1	1	0	0	0	1	1	0	0	1	2	0	0	0	0	0	0	0	0	0	0	1	0	1	1	0	0	1	1	2	0	1	1	1	0	1	2	1	2	1	2	0	1	0	0	0	2	1	0	1	1	0	0	0	0	1	0	0	0	1	1	1	1	2	2	1	2	2	1	1	1	0	0	0	1	1	0	1	1	1	0	2	2	1	2	0	1	1	0	0	1	0	0	0	0	0	1	0	1	1	0	0	0	1	0	0	0	1	0	0	0	0	0	0	0	1	0	1	1	0	0	0	1	0	0	1	0	0	0	1	1	0	0	0	0	0	1	2	0	1	0	0	2	1	0	0	0	1	0	0	1	0	0	0	0	0	1	0	0	0	0	0	0	1	0	0	0	1	0	0	0	0	0	0	0	0	0	0	0	0	0	1	0	0	0	1	0	1	2	0	1	1	1	1	1	0	1	2	1	0	0	2	0	1	1	1	0	1	2	2	1	1	0	0	2	1	1	1	1	1	2	2	1	1	2	0	0	2	1	0	1	2	1	1	1	0	0	0	1	1	0	2	1	1	0	1	1	1	0	1	1	0	0	1	1	1	0	1	1	2	2	0	0	2	2	2	1	1	0	0	0	1	1	0	0	0	0	1	0	0	0	1	0	0	1	0	0	0	0	1	0	1	0	0	0	0	0	0	0	0	0	0	0	0	0	0	1	0
SNP25	A	C	0	0	0	0	0	0	0	0	0	0	0	0	0	0	0	0	0	0	0	0	0	0	0	0	0	0	0	0	0	0	0	0	0	0	0	0	0	0	0	0	0	0	0	1	0	0	1	1	0	1	0	0	1	0	0	0	0	0	0	1	0	0	0	0	2	0	1	0	0	0	0	0	0	1	0	0	0	0	1	0	0	0	0	0	0	0	0	0	0	1	1	0	1	0	0	0	0	0	1	0	0	0	0	0	0	0	0	0	0	0	0	0	0	0	0	1	0	1	0	0	2	0	0	1	1	1	0	2	0	0	0	1	1	1	0	1	0	0	0	2	0	0	1	1	0	1	2	0	0	0	1	1	1	0	1	0	1	1	0	0	0	1	0	0	1	0	0	0	1	0	0	0	0	0	1	0	0	0	0	0	0	1	0	0	1	0	0	1	0	0	0	0	0	1	1	0	0	0	0	0	0	0	0	1	1	0	0	0	1	0	0	0	0	1	0	0	0	1	0	0	0	0	0	0	1	0	0	1	0	0	1	1	0	0	0	0	0	1	1	0	0	1	0	0	1	0	0	1	0	1	1	0	0	0	0	0	0	0	1	0	1	0	1	1	0	1	0	0	0	1	0	0	0	1	0	0	0	0	0	0	0	2	0	1	0	0	0	1	1	0	1	0	0	1	1	0	0	0	0	0	0	0	0	1	0	0	1	1	0	2	0	1	1	1	0	0	1	1	0	0	0	0	2	0	1	0	1	1	0	0	1	1	1	0	1	2	1	0	1	2	1	1	2	1	0	1	0	2	1	0	0	0	0	1	1	0	2	0	1	2	0	1	0	0	0	1	0	0	0	0	2	0	1	0	1	1	0	0	0	0	0	1	2	1	1	0	0	1	0	1	0	1	1	0	0	0	0	0	1	1
SNP26	A	T	0	0	0	0	0	0	0	0	0	0	0	0	0	0	0	0	0	0	0	0	0	0	0	0	1	0	0	0	0	0	0	0	0	0	1	0	0	0	0	0	0	0	1	0	0	0	1	0	0	0	0	0	0	0	0	0	0	0	0	0	0	0	0	0	1	0	0	0	0	0	0	0	1	0	0	0	0	1	0	0	0	0	0	0	0	0	0	0	0	0	0	0	0	0	0	0	0	0	0	0	0	0	0	0	0	0	0	0	1	0	0	0	0	0	0	0	0	0	0	0	0	0	0	0	0	0	0	0	0	0	0	0	0	0	0	0	0	0	0	0	0	0	0	0	0	0	0	0	0	0	0	0	0	0	0	0	0	0	0	0	0	0	0	0	0	0	0	0	0	0	0	0	0	0	0	0	0	0	0	0	0	0	0	0	0	0	0	0	0	0	0	0	0	0	0	0	0	0	0	0	0	0	0	0	0	0	0	0	0	0	0	0	0	0	0	0	0	0	0	0	0	0	0	0	0	0	0	0	0	0	0	0	0	0	0	0	0	0	0	0	0	0	0	0	0	0	0	0	0	0	0	0	0	0	0	0	0	0	0	0	0	0	0	0	0	0	0	0	0	0	0	0	0	0	0	0	0	0	0	0	0	0	0	0	0	0	0	1	0	0	0	0	0	0	0	0	0	0	0	0	0	0	0	0	0	0	0	0	0	0	0	0	0	0	0	0	0	0	0	0	0	0	0	0	0	0	0	0	0	0	0	0	0	0	0	0	0	0	0	0	0	0	0	0	0	0	0	0	0	0	0	0	0	0	0	0	0	0	0	0	0	0	0	0	0	0	0	0	0	0	0	0	0	0	0	0	0	0	0	0	0	0	0	0	0	0	0	0	0	0	0	0	0	0	0	0	0	0	0	0
SNP27	A	T	0	0	0	0	0	0	1	0	0	0	0	1	0	1	1	1	1	0	0	0	0	0	0	0	0	0	0	0	0	0	1	0	0	1	0	0	1	1	0	0	0	0	0	0	0	0	0	0	0	0	0	0	0	0	0	0	0	0	0	0	0	0	0	0	0	0	0	0	0	0	0	0	0	0	0	0	0	0	0	0	0	0	0	0	0	0	0	0	0	0	0	0	0	0	0	0	0	0	0	0	0	0	0	0	0	0	0	1	0	0	0	1	0	0	0	0	0	0	0	1	0	0	0	0	0	0	0	0	1	0	0	0	0	0	0	0	0	0	0	0	0	0	0	0	0	0	0	0	0	0	0	0	0	0	0	0	1	0	0	0	0	0	0	0	0	0	0	0	0	0	0	0	0	0	0	0	0	0	0	0	0	0	0	0	0	0	0	0	0	0	0	0	0	0	0	0	0	0	0	0	0	0	0	0	0	0	0	0	0	0	0	0	0	0	0	0	0	0	0	0	0	0	0	0	0	0	0	0	0	0	0	0	0	0	0	0	0	0	0	0	0	0	0	0	0	0	0	0	0	0	0	0	0	0	0	0	0	0	0	0	0	0	0	0	0	0	0	0	0	0	0	0	0	0	0	0	0	0	0	0	0	0	0	0	0	0	0	0	0	0	0	0	0	0	0	0	0	0	0	0	0	0	0	0	0	0	0	0	0	0	0	0	0	0	0	0	0	0	0	0	0	0	0	0	0	0	0	0	0	0	0	0	0	0	0	0	0	0	0	0	0	0	0	0	0	0	0	0	0	0	0	0	0	0	0	0	0	0	0	0	0	0	0	0	0	0	0	0	0	0	0	0	0	0	0	0	0	0	0	0	0	0	0	0	0	0	0	0	0	0	0	0	0	0	0	0	0	0	0	0
SNP28	A	T	0	1	0	0	1	0	1	0	0	2	2	1	0	2	1	0	0	1	0	0	0	0	0	0	1	0	0	0	1	1	1	1	1	1	2	0	1	0	0	1	0	0	0	1	0	0	0	0	1	0	0	1	1	0	0	1	1	0	0	2	1	0	1	1	0	0	1	0	0	1	0	0	1	1	0	0	1	0	0	1	0	0	1	0	0	1	1	0	0	1	0	0	0	1	0	1	1	0	0	0	1	0	1	0	0	0	1	1	1	1	0	0	0	1	0	0	0	1	1	0	0	0	0	1	0	1	1	0	0	1	0	0	0	1	1	0	1	0	1	0	1	2	0	0	0	1	1	0	1	1	1	2	0	0	0	1	1	1	2	0	0	2	0	0	0	2	1	1	0	0	0	1	0	0	1	0	0	0	1	0	0	0	1	0	1	1	1	0	1	0	0	1	2	1	0	1	1	1	0	0	2	1	1	0	1	0	1	0	1	0	0	0	2	0	0	1	1	0	1	2	0	1	0	0	1	1	0	1	1	0	0	0	0	0	1	0	0	1	1	0	0	0	0	0	1	2	1	1	0	0	0	0	1	0	1	1	0	2	0	0	1	0	0	1	0	0	0	0	1	1	0	0	0	2	0	1	0	0	1	0	0	1	1	0	0	0	1	0	0	0	0	0	0	0	1	0	1	1	0	0	1	0	0	1	0	1	0	0	0	0	1	1	0	0	0	1	0	0	0	0	0	0	1	0	0	0	0	0	1	1	0	0	0	1	1	1	0	0	1	0	0	0	1	0	0	0	0	0	0	1	0	0	0	0	1	0	1	0	0	0	0	0	0	0	1	0	0	1	0	1	0	0	0	0	0	1	0	0	0	0	0	0	0	0	0	0	0	0	0	1	0	0	0	0	0	2	0	0	0	0
SNP29	A	G	0	0	0	0	0	0	0	0	0	0	0	0	0	0	0	1	0	0	0	0	0	0	0	0	0	0	1	2	0	0	0	1	0	1	0	0	0	0	0	0	0	1	1	0	0	1	0	1	0	0	0	1	0	0	0	1	2	1	1	0	0	0	2	1	0	0	0	0	0	0	0	0	0	0	1	0	0	0	1	0	0	1	2	0	0	0	0	1	1	0	0	1	0	0	1	1	0	0	0	0	1	0	1	1	0	1	0	0	1	0	0	1	0	1	0	0	0	1	1	0	1	0	1	1	0	0	0	0	0	0	0	0	0	0	0	0	0	0	0	0	0	0	0	0	0	0	1	1	0	0	1	0	0	0	1	0	0	0	0	0	0	0	0	0	0	0	1	0	0	1	1	0	1	1	1	0	0	0	0	0	0	0	1	0	1	0	1	1	0	0	1	1	0	0	2	1	1	1	0	1	1	0	0	0	0	0	1	0	0	0	0	0	1	0	0	0	0	0	0	0	0	1	0	0	0	0	1	0	1	0	0	0	0	0	0	1	0	1	0	1	1	0	1	1	1	0	0	0	1	0	0	0	1	0	0	0	0	0	1	0	0	2	0	0	0	0	0	0	0	1	0	1	0	0	0	0	0	0	0	0	0	0	0	0	1	0	0	1	0	0	0	0	0	0	1	0	0	0	1	0	0	0	0	0	0	0	0	1	1	0	0	0	0	0	1	0	1	0	0	0	1	0	0	0	0	0	0	1	0	1	1	0	1	1	0	0	0	0	1	0	1	0	0	0	0	0	0	0	1	0	1	0	0	0	0	0	0	0	0	0	0	0	0	0	1	1	0	0	1	0	0	0	0	0	0	0	0	1	1	0	0	1	1	0	0	0	0	0	2	0	0	0	0	1	1	1	0	0	0	1
SNP30	A	T	0	0	0	0	0	0	1	0	0	0	0	0	0	0	1	0	0	0	0	0	0	0	0	0	0	0	0	0	0	0	0	0	0	0	0	0	0	0	0	0	0	0	0	0	0	0	0	0	0	0	0	0	0	0	0	0	0	0	0	0	0	0	0	0	0	0	0	0	0	0	0	0	0	0	0	0	0	0	0	0	0	0	0	0	0	0	0	0	0	0	0	0	0	0	0	0	0	0	0	0	0	0	0	0	0	0	0	0	0	0	0	0	0	0	0	0	0	0	0	0	0	0	0	0	0	0	0	0	0	0	0	0	0	0	0	0	0	0	0	0	0	0	0	0	0	0	0	0	0	0	0	0	0	0	0	1	0	0	0	0	0	0	0	0	0	0	0	0	0	1	0	0	0	0	0	0	0	0	0	0	1	0	0	0	0	1	0	0	0	0	0	0	0	0	1	0	0	0	0	0	0	0	0	1	0	1	0	0	1	0	1	0	0	0	0	1	0	0	0	0	0	0	0	1	1	0	0	0	0	0	0	1	0	0	0	0	0	0	0	1	0	0	0	0	0	1	0	0	0	1	1	1	1	0	0	0	2	0	0	0	0	0	0	0	0	0	0	0	0	1	0	0	0	0	1	0	0	0	0	1	0	0	0	1	0	0	0	1	1	0	0	1	1	1	0	1	0	0	0	0	1	1	0	0	1	1	1	1	0	0	0	0	0	0	1	0	0	0	1	0	0	0	0	0	0	0	0	0	0	0	0	0	0	0	0	0	0	0	0	0	0	0	0	0	1	0	0	0	0	0	0	0	0	0	0	0	0	0	0	0	0	1	0	0	0	0	0	1	0	0	0	0	0	0	0	0	0	0	1	0	1	0	1	0	1	0	0	0	1	1	0	0	0	0	0	0	0	0	0	0
SNP31	A	G	0	0	0	0	0	0	0	1	0	0	1	0	1	0	0	0	0	0	0	0	0	0	0	0	0	0	0	0	0	0	1	0	0	0	0	0	0	0	0	0	0	0	1	1	1	0	1	1	1	2	0	0	0	0	1	0	0	0	1	1	0	1	0	0	1	1	0	0	2	1	1	0	0	0	1	0	0	1	0	0	0	0	0	1	0	0	0	1	0	0	0	0	0	0	0	0	1	0	0	0	0	1	0	1	0	1	0	0	1	0	0	1	0	0	1	0	1	1	0	1	1	0	0	0	0	0	0	0	0	1	1	0	0	0	0	0	1	0	0	1	0	0	0	0	0	0	0	0	0	0	0	0	0	0	0	0	1	0	1	0	0	0	0	0	1	0	0	0	0	0	0	0	0	1	0	0	0	1	0	0	0	0	0	0	0	0	0	0	0	1	0	1	0	0	0	0	0	0	1	1	0	0	1	0	0	0	0	1	0	0	0	0	0	0	1	1	0	0	0	0	1	1	0	0	1	0	1	0	1	0	0	0	0	0	0	0	0	0	0	0	0	0	0	0	0	0	0	0	0	0	0	0	0	0	0	0	0	0	0	0	0	0	1	1	0	0	0	0	0	0	0	0	0	0	0	0	0	0	0	0	0	0	0	0	0	0	0	0	0	0	0	0	0	0	0	0	0	0	1	0	0	0	0	0	0	0	0	0	0	0	0	0	0	0	0	0	0	0	0	0	0	0	0	0	0	0	0	0	0	0	0	0	0	0	0	0	0	0	0	0	0	0	0	0	0	0	0	0	0	0	0	0	0	1	0	0	0	0	0	0	0	0	0	0	0	0	0	0	0	0	0	0	0	0	0	0	0	0	0	0	0	0	0	1	0	0	0	0	0	0	1	0	0	0	0	0	0	0	0	0
SNP32	A	C	0	1	0	0	0	0	0	0	1	0	0	0	0	1	0	0	0	1	0	1	1	0	2	0	1	0	0	0	0	1	0	0	1	0	1	1	1	1	0	0	1	1	0	0	1	1	0	0	1	1	2	1	0	1	1	1	0	0	0	1	0	0	1	0	0	1	0	0	0	0	0	1	0	1	0	0	0	0	1	0	1	1	0	0	1	0	0	0	0	0	1	0	1	0	0	1	0	1	0	0	1	0	0	0	0	0	0	1	1	1	0	0	0	0	0	1	0	0	0	0	0	0	0	1	0	0	1	0	0	0	0	0	0	1	1	0	1	0	0	0	1	0	0	1	0	0	0	0	0	1	0	1	1	0	0	1	1	0	0	0	0	0	1	1	0	0	0	0	0	0	1	1	0	1	1	1	1	0	1	0	0	0	0	0	0	0	0	0	0	0	0	1	0	0	0	0	1	0	1	0	1	2	1	1	0	1	0	1	1	1	1	0	0	0	0	1	1	1	1	1	0	0	1	0	1	2	0	0	0	0	1	2	0	0	0	0	1	0	0	0	0	0	1	0	0	0	0	0	1	1	0	1	0	0	0	0	2	1	0	0	0	1	0	0	1	0	1	0	0	0	1	1	0	0	0	1	0	0	0	0	1	2	1	2	1	2	0	1	2	2	1	1	1	1	1	1	1	1	0	1	0	1	2	2	1	2	2	0	2	2	1	1	1	1	0	1	0	2	1	1	2	2	1	2	1	1	1	0	0	1	1	0	1	1	0	1	1	2	1	0	0	1	1	0	0	2	0	0	0	0	0	0	1	1	2	0	1	0	1	0	2	1	0	0	0	1	0	0	1	1	1	0	0	0	0	2	1	1	0	1	1	1	1	1	1	1	0	1	0	1	0	1	0	1	0	2	1	1	2	0
SNP33	A	G	1	1	0	1	1	0	1	0	1	1	0	1	0	0	0	0	1	1	0	0	0	0	0	1	1	1	1	0	1	1	0	1	0	2	0	0	0	2	0	0	0	0	0	0	1	0	1	1	1	2	0	0	0	0	1	0	1	2	1	0	0	1	0	0	1	0	1	1	1	1	0	0	0	1	1	1	0	1	1	2	1	1	1	2	1	1	1	2	1	1	0	1	1	2	1	2	1	1	0	1	2	0	0	1	2	0	1	1	1	1	0	1	0	0	1	1	2	1	2	2	1	1	1	0	2	1	2	0	1	2	1	1	0	1	1	1	1	0	2	0	2	1	1	1	0	1	1	0	1	1	0	0	1	1	0	0	1	2	2	2	0	0	0	1	0	2	0	2	1	1	1	0	1	2	1	1	2	0	1	2	0	0	1	1	1	1	1	0	1	1	2	1	1	1	0	1	1	0	0	1	0	1	0	0	0	0	1	2	1	1	1	1	0	0	1	1	0	1	0	0	2	1	0	2	1	0	2	1	1	0	2	1	0	1	1	1	1	0	0	2	2	1	1	1	1	0	0	0	1	0	2	1	1	1	1	2	1	1	2	1	0	0	0	2	2	2	2	2	2	0	0	2	2	1	0	1	2	1	2	1	2	1	1	0	1	1	0	2	1	1	0	1	0	0	1	0	2	2	1	1	0	0	1	1	2	0	1	0	0	2	0	1	0	1	1	0	0	1	0	1	0	0	0	1	1	1	2	1	0	1	1	2	1	1	1	2	1	1	1	1	1	2	1	1	0	0	2	0	2	1	1	1	1	2	1	1	1	2	2	0	1	1	2	0	2	1	1	1	1	1	1	1	0	2	1	1	2	0	0	0	2	0	1	1	0	2	1	2	2	2	1	0	2	1	2	2	1	2	1	1
SNP34	A	T	0	0	1	0	0	1	0	1	0	1	0	1	1	1	0	0	1	1	0	1	0	0	1	0	1	0	0	0	0	0	0	0	1	0	0	0	0	0	0	0	0	1	0	0	0	0	0	0	1	0	0	0	0	0	0	0	0	0	1	0	0	0	0	0	0	0	0	0	0	0	0	0	0	0	0	0	0	0	0	0	0	1	1	0	0	0	0	0	0	0	0	0	0	0	0	0	1	0	1	0	1	0	0	0	0	0	1	1	0	0	0	2	0	0	0	0	0	1	0	0	0	1	2	0	0	0	0	0	0	1	1	1	0	0	0	0	1	0	0	0	0	0	0	0	0	0	0	0	0	0	1	0	0	0	0	0	0	0	0	0	0	1	0	1	0	0	0	1	0	0	0	1	1	0	1	0	0	0	1	0	0	0	0	1	0	0	0	0	1	0	0	0	1	0	0	0	0	0	0	0	0	0	0	1	1	1	0	0	0	0	0	0	0	0	0	0	1	0	1	0	0	0	0	0	0	0	0	0	0	0	0	0	1	0	0	0	0	0	2	1	0	0	0	0	0	0	0	0	0	0	0	0	0	0	0	0	1	0	0	0	0	0	0	0	0	1	0	0	0	0	0	0	0	0	0	0	1	0	0	1	1	0	0	0	0	0	0	0	1	0	1	0	0	1	0	0	0	0	0	0	0	0	0	0	0	0	0	0	0	0	0	0	0	0	0	0	0	0	0	0	1	1	0	0	0	0	0	0	0	0	0	0	0	0	0	0	0	0	0	0	0	0	0	0	0	1	1	0	0	0	1	0	0	0	0	0	1	1	0	0	1	1	0	0	0	1	0	0	2	0	0	0	1	1	0	0	0	0	1	0	0	1	0	0	1	1	0	0	1	0	1	1	1	1	1	0	0	0	0	1
SNP35	A	C	0	2	0	0	0	0	0	0	2	0	1	0	0	0	0	0	1	0	0	0	0	0	0	0	0	0	0	0	0	0	0	0	0	2	1	0	0	0	0	0	0	0	0	0	1	0	1	0	0	0	0	0	0	0	1	0	0	1	1	0	0	1	1	0	0	0	0	0	0	0	0	0	0	0	0	1	0	0	0	0	0	0	0	0	1	0	0	1	0	0	0	1	0	0	0	0	0	1	0	0	1	0	1	1	0	0	1	0	0	1	0	0	0	1	0	0	0	1	0	1	0	0	0	0	1	0	0	1	0	1	0	0	0	0	0	0	0	0	0	0	0	0	0	0	0	0	0	0	0	0	0	0	1	0	0	0	0	0	0	0	1	1	0	1	1	0	0	0	0	0	0	1	1	0	2	1	0	1	0	0	1	0	1	1	1	2	2	0	1	0	0	0	0	0	2	1	0	0	0	2	1	0	0	0	2	0	0	0	0	1	0	0	0	1	0	1	0	0	1	1	0	0	1	0	0	1	1	1	2	1	0	0	0	0	0	1	1	0	0	0	1	1	0	0	0	0	1	0	0	0	1	0	0	0	0	1	1	1	0	0	1	1	0	0	0	1	1	1	0	1	0	0	0	0	0	0	1	1	1	0	1	0	0	0	0	1	0	0	1	1	1	0	0	0	1	0	0	0	0	0	0	1	0	0	0	1	0	0	0	0	1	1	0	0	0	0	0	0	0	0	0	0	0	1	0	1	0	0	0	0	1	0	0	0	0	0	0	0	0	0	0	0	0	0	0	1	0	0	0	0	0	2	0	0	0	1	1	1	1	0	0	1	1	0	0	0	0	0	0	0	0	0	0	0	0	0	2	0	0	0	0	1	1	0	1	1	0	1	2	0	1	0	1	0	0	0	0	0	1	0
SNP36	A	T	1	0	0	0	1	1	0	1	1	0	0	2	1	1	0	0	0	1	0	1	1	0	0	0	0	0	1	1	0	0	0	1	0	0	1	0	1	0	0	0	0	0	0	0	0	0	1	0	1	0	1	0	0	0	1	0	0	1	1	0	0	0	0	0	0	0	1	0	1	0	0	1	0	0	1	0	0	0	0	0	0	0	0	0	0	0	0	1	1	0	1	0	1	1	1	1	0	0	0	0	0	0	0	0	0	0	0	0	0	0	0	0	0	0	0	0	0	1	0	0	0	0	0	0	0	0	0	0	0	0	0	0	1	0	0	1	1	0	0	0	0	0	0	0	0	0	0	0	0	0	0	0	0	1	0	0	0	1	0	0	1	0	1	0	0	0	1	0	0	0	0	0	0	1	0	0	0	0	0	0	0	0	0	1	0	0	0	0	0	0	0	1	0	0	0	0	0	0	0	0	0	0	0	0	0	0	0	0	0	0	0	0	0	0	0	0	0	0	0	0	0	0	0	0	0	0	0	0	0	0	0	0	0	0	0	1	0	0	0	0	0	0	0	0	0	1	0	0	0	0	0	0	0	0	0	0	0	0	0	0	0	0	0	0	0	0	0	0	0	0	0	0	0	0	0	0	0	0	0	0	0	1	0	0	0	0	0	0	0	0	0	0	0	0	0	0	0	0	0	0	0	0	0	0	0	0	0	0	0	0	0	0	0	0	0	0	0	0	0	0	0	0	0	0	0	0	0	0	0	0	0	0	0	0	0	0	0	0	0	0	0	0	0	0	0	0	0	0	0	0	0	0	0	0	0	1	0	0	0	0	0	0	0	0	0	0	0	0	0	0	0	0	0	0	0	0	0	0	0	0	0	0	0	0	0	0	0	0	1	0	0	0	0	0	0	0	0	0	0	0
SNP37	A	T	1	2	2	2	1	1	1	2	1	1	1	0	0	1	2	1	0	1	2	1	1	0	2	2	0	2	1	1	2	2	2	1	1	0	0	0	0	1	2	2	0	1	1	1	1	1	2	2	2	2	2	0	2	1	1	1	1	1	2	1	2	1	2	1	1	1	2	0	0	2	2	1	0	2	1	2	1	2	1	2	1	1	0	2	1	1	1	0	0	2	0	0	0	0	2	2	1	2	0	1	0	1	1	2	0	1	1	0	0	0	0	1	0	1	1	1	1	0	2	1	1	0	2	1	0	1	1	1	1	1	0	2	1	0	1	1	1	1	1	0	1	2	0	1	2	1	1	2	0	1	0	2	0	1	0	1	0	1	0	1	1	0	0	0	0	1	0	1	1	0	0	0	0	1	2	0	1	0	1	1	1	1	0	0	0	0	0	2	0	1	0	0	1	0	1	0	0	0	0	1	2	2	1	0	1	1	1	0	1	0	0	1	2	1	2	1	0	0	2	0	1	1	1	1	2	0	0	2	2	1	1	1	1	1	1	0	1	0	1	0	1	0	1	1	0	0	1	0	1	1	0	1	0	1	0	0	0	1	0	1	0	1	0	2	1	0	0	2	2	0	1	1	0	0	0	1	1	0	1	2	0	0	0	0	1	0	0	0	1	0	1	0	2	0	0	0	0	0	0	1	1	1	0	1	0	0	0	0	0	0	1	0	0	1	0	0	1	0	1	1	0	1	1	0	1	0	1	0	2	0	0	1	1	0	0	0	1	1	0	1	0	0	0	1	2	1	2	0	1	1	0	1	1	0	1	1	0	0	2	1	1	0	0	0	2	1	0	1	1	1	0	0	0	1	0	0	0	1	0	0	0	1	1	1	1	0	1	1	0	1	0	0	1	1	0	0	1	0	1	1
SNP38	A	C	1	0	0	0	0	0	0	1	0	0	0	0	0	0	0	0	0	0	0	0	0	0	0	0	0	0	0	0	0	0	0	0	0	0	0	0	0	0	1	0	2	1	0	0	0	0	0	0	0	0	0	0	0	0	1	0	0	1	1	0	2	1	1	0	1	0	0	0	0	0	0	0	2	1	0	1	0	0	0	0	0	0	1	0	1	1	0	1	1	0	1	0	1	1	1	0	1	1	2	1	1	1	2	0	1	0	2	1	1	0	1	0	1	1	0	1	1	1	0	1	0	0	0	1	1	1	1	1	2	1	0	0	0	0	0	1	1	0	1	1	0	0	1	0	1	1	0	0	0	1	0	0	0	0	0	0	1	1	0	1	0	0	0	1	0	1	0	1	0	1	0	0	1	0	1	0	0	1	0	1	1	0	0	0	1	0	0	0	0	1	1	0	0	0	0	0	1	2	1	0	1	0	0	1	0	0	0	1	0	1	0	1	1	0	0	0	0	1	2	1	0	0	0	1	0	1	0	0	1	0	0	1	0	0	1	1	1	0	0	1	0	0	0	1	1	2	0	0	0	0	0	0	1	0	1	0	0	1	1	0	0	0	0	0	0	1	0	0	1	0	1	1	1	1	1	0	0	1	1	0	0	1	1	2	1	0	0	0	0	0	0	1	0	1	0	0	0	0	0	1	0	0	0	0	0	0	0	0	0	0	0	0	0	0	0	1	0	0	0	1	1	0	0	0	0	2	1	0	0	0	0	0	0	0	0	1	0	0	1	0	0	0	0	0	0	1	0	0	1	2	0	1	0	1	0	0	0	0	0	0	0	0	0	0	1	0	1	0	0	0	0	0	0	0	1	1	0	0	0	0	0	1	0	0	0	1	1	0	0	0	0	0	0	0	1	0	0	1	1	0
SNP39	A	G	1	0	1	0	2	1	0	1	1	1	0	1	2	1	1	2	1	0	2	2	0	1	1	1	1	2	2	1	0	1	0	2	2	1	1	2	1	0	1	1	1	1	0	0	1	2	2	1	0	0	1	2	0	1	1	0	1	0	0	1	1	1	2	2	1	1	1	1	0	1	2	2	2	1	1	0	1	2	2	2	1	1	1	1	1	0	1	1	2	1	1	2	1	2	2	1	0	2	2	0	2	1	1	2	2	1	2	1	1	0	1	1	1	2	1	2	1	0	2	0	1	1	0	2	1	1	2	1	1	2	1	1	2	1	1	1	1	0	1	1	2	1	1	1	0	1	2	2	0	1	2	0	2	0	2	1	2	2	2	2	2	0	1	0	0	1	1	1	0	1	1	1	1	1	2	1	1	0	1	1	2	0	0	1	2	1	2	0	2	0	0	0	1	1	0	1	1	1	1	1	0	0	1	2	0	0	0	0	0	0	1	2	1	0	0	1	0	1	1	1	1	2	1	1	0	0	1	0	0	2	0	0	1	1	1	0	2	1	1	0	1	0	2	1	0	0	1	1	0	1	1	1	0	0	1	1	0	0	0	1	0	0	1	1	2	0	0	0	0	0	0	1	0	0	1	1	0	1	1	2	0	1	1	0	1	1	0	1	0	1	0	0	1	1	2	0	0	1	0	1	0	0	1	1	1	0	0	2	1	0	0	0	1	0	0	0	0	0	0	0	0	0	1	0	0	0	0	0	1	1	0	0	0	0	0	0	1	0	0	1	0	0	0	0	0	1	0	0	0	0	1	1	0	1	0	0	1	0	0	1	1	1	1	0	0	0	0	1	1	1	0	0	1	1	1	0	0	0	1	0	1	1	0	0	2	0	0	2	1	1	0	1	0	0	0	0	0	1	1	2
SNP40	A	G	1	2	0	2	2	1	1	2	1	1	2	0	0	0	2	0	2	1	0	2	0	0	2	1	1	2	1	1	2	1	1	1	2	1	1	1	2	1	1	1	0	1	0	1	0	1	1	2	1	0	2	1	0	0	0	0	0	1	1	1	0	1	0	2	1	1	1	0	0	2	0	1	1	0	0	1	1	0	1	1	2	0	1	0	0	1	0	0	0	1	1	0	0	0	1	0	0	0	1	2	1	1	2	1	0	1	2	1	0	1	1	0	1	0	2	1	1	0	1	0	0	0	0	2	0	0	0	1	0	0	1	1	1	0	0	2	0	0	0	0	0	0	0	0	1	0	1	0	0	1	1	0	0	0	0	0	1	0	0	1	0	0	0	0	0	0	0	0	0	1	0	0	0	0	0	0	0	0	1	0	1	0	0	0	0	1	0	0	1	0	1	0	0	0	0	1	1	0	0	1	0	1	0	0	0	2	0	0	0	0	0	0	1	1	0	1	0	0	0	0	0	0	0	0	0	0	0	0	1	0	0	0	0	0	1	0	0	0	0	0	0	0	0	0	0	0	0	0	0	0	0	1	0	0	0	1	0	0	0	0	0	0	0	1	0	0	0	0	1	0	1	0	0	0	0	0	0	1	0	0	0	0	0	0	0	0	0	0	0	0	0	0	0	1	0	0	0	0	0	0	0	0	0	0	1	0	0	0	0	0	0	0	0	0	0	0	0	0	0	0	0	1	0	0	0	0	0	0	0	0	0	0	0	0	0	0	0	0	0	1	0	0	0	0	1	0	0	0	0	0	0	0	0	0	0	0	0	0	0	0	0	0	0	0	0	0	0	0	1	0	0	0	0	0	0	0	0	0	1	0	1	0	0	1	0	0	0	0	0	0	0	0	1	0	1	0	0	0	0	0
SNP41	A	T	0	0	0	0	1	0	0	1	0	0	0	0	0	0	0	0	0	0	0	0	0	1	0	0	1	0	0	0	0	0	0	1	0	0	0	0	1	0	1	0	1	1	1	0	0	0	1	0	0	1	0	0	0	1	1	0	1	0	1	0	1	1	1	0	1	0	1	1	0	0	0	1	0	2	0	0	0	0	0	0	1	2	2	1	1	0	2	1	1	1	2	1	2	0	0	1	1	1	0	2	1	1	1	1	1	2	0	0	1	2	0	0	1	1	1	0	2	0	0	1	0	1	1	1	1	0	1	0	0	1	0	1	0	1	1	0	0	0	0	0	0	1	1	0	1	0	0	2	1	1	1	0	2	0	0	1	0	1	0	0	2	1	2	1	2	0	1	1	1	0	1	0	1	2	1	0	1	0	0	0	1	0	1	0	1	0	1	0	1	0	0	1	0	1	2	0	0	1	0	1	0	2	1	0	0	0	1	1	0	2	1	1	1	1	0	1	2	2	2	2	1	1	1	2	1	1	0	1	1	1	0	0	0	0	0	1	1	2	1	2	2	1	0	0	0	0	0	2	1	1	1	1	2	1	0	0	0	1	1	0	1	1	0	0	1	1	1	1	2	2	1	1	2	0	1	0	0	1	0	0	1	1	1	1	2	1	1	0	2	2	1	1	1	2	1	0	0	2	1	1	2	0	0	1	1	2	2	0	1	2	1	1	2	0	2	0	2	1	1	1	2	0	0	0	1	2	0	2	2	2	1	2	0	1	1	2	2	2	2	1	2	1	1	0	0	2	1	2	0	1	2	1	1	0	1	2	0	1	0	2	1	2	1	1	2	2	0	1	2	1	1	2	1	1	2	1	2	2	2	1	1	2	2	1	2	2	1	1	2	1	2	2	2	2	0	2	2	1	1	2
SNP42	A	G	1	0	0	0	0	0	0	0	0	0	0	0	0	0	1	0	0	0	0	0	0	0	0	0	0	0	0	0	1	0	0	0	0	0	0	0	0	0	0	0	0	0	1	0	0	0	0	2	0	1	1	0	0	0	0	1	0	0	0	0	0	0	0	0	0	0	0	0	1	0	0	0	0	1	0	0	0	0	0	0	0	0	0	0	0	0	1	0	0	0	0	0	0	0	0	0	0	0	0	0	0	0	0	0	0	0	0	0	0	0	0	0	0	0	0	0	0	0	0	0	0	0	1	0	0	0	0	0	0	0	1	0	0	0	0	0	1	1	0	0	0	0	0	0	0	0	0	0	0	0	0	0	0	0	1	1	0	0	0	0	0	0	1	0	1	0	0	0	0	0	0	0	0	0	0	0	0	0	0	0	0	0	0	1	0	0	0	0	1	0	0	1	0	0	0	0	0	0	1	0	2	0	0	0	0	1	1	1	1	0	0	1	1	0	0	0	0	2	1	0	0	1	0	0	0	0	1	0	0	0	0	0	0	0	0	0	2	0	1	2	2	0	0	0	0	1	0	0	0	2	0	0	1	0	0	0	0	0	0	1	0	0	0	1	0	0	1	1	1	1	0	1	1	1	0	0	1	0	1	0	1	1	1	1	1	0	1	0	0	1	0	0	1	1	0	0	0	1	0	0	1	1	0	1	1	2	1	1	1	1	0	0	1	1	0	0	0	1	0	1	1	1	1	0	0	0	1	1	1	0	0	0	1	1	1	1	1	2	0	1	0	1	1	0	1	0	1	1	0	2	2	1	0	1	2	2	0	0	1	0	1	1	0	0	1	0	0	1	0	2	1	0	1	0	0	0	2	2	2	1	1	0	0	1	0	1	0	0	1	0	1	1	1	0	1	0	0	0	0	0
SNP43	A	T	1	1	0	1	1	0	1	2	0	1	1	0	0	0	0	0	0	0	0	1	1	0	0	0	1	0	1	0	1	1	0	0	0	1	0	2	0	1	1	2	1	0	0	0	2	0	0	0	0	0	0	0	1	1	0	0	1	0	0	1	0	0	0	0	0	1	0	0	1	0	0	0	1	1	0	0	0	1	0	1	0	0	0	1	0	0	0	2	0	1	0	0	1	2	0	0	1	1	0	0	0	0	0	0	1	1	0	2	0	0	1	1	1	1	0	1	0	0	2	1	1	0	0	0	1	0	0	0	2	2	2	1	0	0	1	0	1	2	0	0	0	1	0	0	1	0	0	0	0	1	0	0	1	0	1	0	2	0	1	1	0	1	0	2	0	0	0	1	0	1	0	0	0	1	0	0	0	0	0	0	1	1	2	1	1	1	1	0	0	2	1	1	0	1	1	0	1	1	1	1	1	0	0	1	0	0	1	0	0	0	1	0	0	0	0	1	0	0	1	0	0	2	1	1	0	0	1	0	2	1	1	0	1	0	0	0	2	1	0	0	0	0	0	1	1	1	2	1	1	1	1	0	1	0	1	0	0	0	2	0	0	1	0	0	0	1	0	0	0	0	0	1	1	0	0	0	0	0	1	0	0	0	0	1	0	0	0	0	0	0	0	0	0	0	0	0	0	0	0	0	0	1	0	0	1	0	0	0	0	0	0	1	0	0	0	0	0	0	2	0	0	0	0	0	1	0	2	0	0	0	0	1	0	0	0	2	1	0	0	2	0	1	1	0	0	0	1	0	0	1	1	0	0	0	1	0	0	0	0	0	1	0	1	0	0	0	0	0	0	0	0	0	0	0	0	0	0	0	1	1	0	0	0	0	0	2	1	0	0	0	0	0	0	0	0	0	0	0	1	1
SNP44	A	G	0	0	0	0	0	0	0	0	0	0	0	0	0	0	0	0	0	0	0	0	0	0	0	0	0	0	0	0	0	0	0	0	0	0	0	0	0	0	0	0	0	0	0	0	0	0	0	0	0	1	0	0	0	0	0	0	0	1	0	0	0	0	0	0	0	0	0	0	0	0	0	0	0	0	0	0	0	0	0	0	0	0	0	0	0	0	0	0	0	0	0	0	0	0	0	0	0	0	0	0	0	0	0	0	0	0	0	0	0	0	0	0	0	0	0	0	0	0	0	0	0	0	0	0	0	1	0	0	0	0	0	0	0	0	0	0	0	0	0	0	0	0	1	0	0	0	0	0	0	0	0	0	0	0	0	0	0	0	0	0	0	0	0	0	0	0	0	0	0	0	0	0	0	0	0	0	0	0	0	0	0	0	0	0	0	0	0	0	1	1	0	0	0	0	0	0	0	0	0	0	0	0	1	0	0	0	0	0	0	0	0	0	0	0	0	0	0	0	0	0	0	0	0	0	0	0	0	1	1	0	0	0	0	0	0	0	0	0	0	0	0	0	0	0	0	0	0	0	0	0	0	0	0	0	0	0	0	0	0	0	0	0	0	0	0	0	0	0	0	0	0	0	0	0	0	0	0	0	0	0	0	0	0	0	0	1	0	0	0	0	0	0	0	0	0	0	0	0	0	0	0	0	0	0	0	0	0	0	0	1	0	0	0	0	0	0	0	0	0	0	0	0	0	1	0	1	0	0	0	0	0	0	0	0	0	0	0	0	0	0	0	0	0	0	0	0	0	0	0	0	0	0	0	0	0	0	0	0	0	0	0	0	0	0	0	0	0	0	0	0	0	0	0	0	0	0	0	0	0	0	0	0	0	0	0	0	0	0	0	0	0	0	0	0	0	0	0	0	0	0
SNP45	A	C	1	1	1	0	1	1	1	0	2	1	2	2	1	0	0	1	2	2	1	2	1	0	2	1	2	2	2	1	0	2	1	1	0	1	2	2	0	1	2	2	2	0	1	1	2	2	1	1	0	0	0	1	1	1	1	1	1	0	1	2	1	0	2	1	2	2	1	1	1	1	2	1	2	1	1	0	0	0	2	2	1	2	2	1	1	1	1	1	0	1	0	0	2	0	2	0	2	2	1	0	2	0	2	1	2	0	1	0	2	2	1	2	0	1	2	0	1	2	1	1	0	2	1	2	1	1	1	2	0	1	1	1	1	1	0	1	2	1	1	2	0	1	2	1	2	1	1	0	2	1	1	1	0	2	2	1	1	2	1	2	0	1	2	1	0	2	2	0	2	0	2	2	0	2	1	2	0	0	1	0	0	0	2	0	0	0	2	2	1	1	1	1	1	1	0	2	1	0	0	1	1	0	1	0	0	1	0	0	1	1	0	0	0	0	1	0	0	0	0	1	1	1	0	0	2	0	1	0	0	0	0	0	0	0	0	1	1	2	0	0	2	1	1	2	1	1	1	1	0	1	0	0	0	1	1	2	1	1	0	1	2	1	1	1	2	1	2	2	0	1	1	0	1	2	2	2	2	0	1	1	1	0	0	1	1	1	0	0	2	2	0	0	1	1	1	1	1	2	1	1	0	1	1	2	0	2	0	1	1	0	2	1	0	1	2	2	0	1	1	1	0	2	0	0	1	1	1	1	1	0	0	2	0	0	1	1	2	0	0	1	0	1	0	1	1	1	2	1	1	1	1	1	0	1	2	2	1	0	1	2	0	1	1	1	0	0	0	1	0	1	1	2	0	2	1	0	0	1	0	1	1	0	0	1	1	2	1	1	0	0	0	0	1	1	1	0	1	0	0	1
SNP46	A	G	1	1	0	1	0	1	1	2	0	1	0	0	1	1	1	0	2	0	0	0	0	1	0	2	2	2	1	1	1	1	1	2	2	0	0	0	0	1	1	1	2	0	1	2	2	2	1	1	1	0	2	1	0	1	1	2	1	1	2	1	1	0	0	1	1	2	0	1	2	1	0	1	1	1	0	2	1	0	0	1	2	2	1	1	1	2	1	1	0	0	1	2	1	1	0	1	1	1	2	1	0	1	2	1	1	1	1	0	1	1	0	1	1	0	2	1	1	0	1	0	1	2	2	1	1	2	2	2	0	1	1	1	1	2	1	1	0	1	2	1	0	1	1	2	1	1	2	1	0	1	0	1	1	2	2	1	2	2	1	2	0	1	1	2	2	0	2	0	1	0	1	2	2	2	1	0	1	1	1	1	1	2	1	2	2	1	2	0	2	0	0	1	1	1	1	1	0	2	2	2	1	2	2	1	1	2	0	1	2	1	2	2	0	1	2	1	1	2	1	1	1	1	2	1	1	1	2	2	2	0	1	1	0	0	1	1	1	2	2	1	2	2	2	1	0	2	0	2	1	2	1	1	2	1	1	1	2	0	1	1	1	2	1	1	1	1	0	2	1	0	1	1	1	2	1	1	2	2	1	1	1	2	2	1	2	2	2	1	2	1	1	2	2	1	1	1	2	1	1	1	2	1	0	1	0	1	1	2	1	1	1	1	1	2	1	1	1	2	1	2	0	0	0	1	1	1	1	1	0	1	1	2	0	0	1	0	2	1	1	1	0	0	0	2	0	1	1	1	2	1	1	2	0	1	2	1	1	1	2	0	0	1	2	1	1	0	0	0	1	1	1	0	1	1	1	1	1	0	1	1	1	0	0	0	2	2	1	1	2	1	1	2	1	1	0	1	1	2	2	1
SNP47	A	C	0	0	0	0	0	0	0	0	0	0	0	0	0	0	0	0	0	0	0	0	0	0	0	0	0	0	0	0	0	0	0	0	0	0	0	0	0	0	0	0	0	0	0	0	0	0	0	0	0	0	0	0	0	0	0	0	0	0	0	0	0	0	0	0	0	0	0	0	0	0	0	0	0	0	0	0	0	0	0	0	0	0	0	0	0	0	0	0	0	0	0	0	0	0	0	0	0	0	0	0	0	0	0	0	0	0	0	0	0	0	0	0	0	0	0	0	0	0	0	0	0	0	0	0	0	0	0	0	0	0	0	0	0	0	0	0	0	0	0	0	0	0	0	0	0	0	0	0	0	0	0	0	0	0	0	0	0	0	0	0	0	0	0	0	0	0	0	0	0	0	0	0	0	1	1	0	0	0	0	0	0	0	0	0	0	0	0	0	0	0	0	0	0	0	0	0	0	0	0	0	1	0	0	0	0	0	0	1	0	0	0	0	1	0	0	0	1	1	1	0	1	1	0	1	0	0	1	0	0	0	0	0	0	0	0	0	0	0	0	0	0	0	0	0	0	0	0	0	0	0	0	0	0	0	0	0	0	1	0	0	0	0	0	0	0	0	0	0	0	0	1	0	0	0	0	0	0	0	0	0	0	0	0	0	0	0	0	0	0	0	0	0	0	0	0	0	0	0	0	0	0	0	0	0	0	1	2	0	0	0	0	0	0	0	0	0	0	0	0	0	0	0	0	0	0	0	0	0	0	0	0	0	0	0	0	0	0	0	0	0	0	1	0	0	0	0	0	0	0	0	0	0	0	0	0	0	0	0	0	0	0	0	0	1	1	0	0	0	0	0	0	0	0	0	0	0	1	1	1	0	1	0	1	0	0	0	0	0	0	0	1	0	0	0	0	0	0	1	0	0
SNP48	A	G	0	0	0	2	0	0	0	0	1	2	1	1	0	1	1	0	0	0	1	0	0	1	1	0	0	0	0	0	1	0	1	0	0	0	0	0	0	0	1	0	0	0	0	0	0	0	0	0	0	0	0	0	0	0	0	0	0	0	0	0	0	0	0	0	0	0	0	0	0	0	0	0	0	0	0	0	0	0	0	0	0	0	0	1	0	0	0	0	0	0	0	0	0	0	0	0	0	0	0	0	0	0	0	0	0	0	0	0	0	1	0	0	0	0	0	0	0	0	0	0	0	0	0	0	0	0	0	0	0	1	0	0	1	0	0	0	0	0	0	0	0	0	0	0	0	0	0	0	0	0	0	0	0	0	0	0	0	0	0	0	0	0	0	0	0	0	0	0	1	0	0	0	0	0	0	0	0	0	0	0	0	0	0	0	0	0	0	1	0	0	2	0	1	0	0	0	0	1	1	0	0	1	2	2	1	0	1	0	0	0	0	1	1	0	0	1	1	0	0	1	1	0	1	0	2	1	1	1	1	0	1	0	0	2	1	0	2	0	0	0	2	0	2	1	2	1	0	0	1	0	1	0	0	1	1	0	0	0	0	0	1	1	2	2	1	1	2	2	2	1	2	1	0	1	1	1	2	2	1	1	2	1	0	0	1	2	0	0	2	1	2	0	0	0	1	1	0	0	2	1	1	1	0	1	1	0	1	1	1	0	0	0	0	0	2	0	1	0	0	1	0	0	2	2	0	0	0	0	0	0	0	0	1	0	0	0	1	0	1	0	1	1	0	0	1	0	0	0	2	0	1	1	1	0	0	0	0	1	0	0	0	0	1	0	0	0	1	0	0	0	0	0	0	0	0	1	0	0	0	0	1	0	1	1	0	1	0	1	0	0	0	0	0	0	0	0	0	0	0	0
SNP49	A	T	2	2	1	1	1	2	1	1	1	2	2	2	1	1	1	2	1	2	2	0	2	1	0	2	1	2	1	1	2	1	1	2	2	1	1	1	2	2	1	1	0	2	1	2	2	1	2	2	0	1	1	0	1	2	1	1	1	2	0	2	2	1	1	2	1	2	1	2	2	2	2	2	1	0	1	2	0	1	1	2	1	0	0	1	0	1	1	0	2	2	1	0	0	1	2	0	1	2	2	1	1	0	1	2	2	0	0	1	1	2	1	1	0	2	1	2	2	1	2	2	1	1	1	2	2	0	2	1	2	0	0	0	1	1	0	0	1	1	1	1	1	0	1	1	1	2	0	2	2	1	0	1	1	1	1	1	1	1	0	1	0	0	1	2	1	1	1	0	1	1	1	1	1	0	0	1	0	1	1	1	1	0	0	1	1	0	0	0	0	0	0	1	2	0	0	1	2	1	1	0	2	2	1	1	0	1	1	1	0	0	0	1	1	1	1	1	1	1	2	1	1	1	1	1	0	1	1	1	1	1	2	2	1	0	2	1	0	0	0	2	2	2	1	1	1	1	1	1	1	0	1	2	1	1	1	1	2	0	2	2	0	2	1	0	1	0	1	1	0	1	0	2	1	1	1	1	1	2	1	2	2	1	1	0	1	0	1	0	1	1	1	1	0	1	0	0	1	0	1	1	0	0	1	1	1	1	1	2	0	0	0	0	1	0	0	2	0	1	0	0	1	1	2	1	2	1	1	2	1	1	1	1	1	1	0	1	2	1	1	2	1	1	0	0	0	1	1	1	1	0	1	1	2	1	1	0	1	1	2	1	2	0	1	1	1	0	2	1	2	1	1	0	1	0	1	1	1	0	1	0	0	2	1	2	1	1	0	1	1	1	1	1	1	1	1	1	1	1	0	0
SNP50	A	T	2	1	0	0	0	1	1	2	2	1	1	0	1	1	1	2	0	1	0	2	2	1	2	1	1	0	0	2	0	0	1	1	2	1	1	1	2	0	1	1	0	1	1	1	1	1	1	2	1	0	1	0	2	1	1	1	0	1	1	1	0	2	1	1	1	1	1	1	2	2	2	1	2	1	0	0	2	1	1	1	0	1	0	0	1	0	1	1	2	2	2	2	0	0	1	2	1	1	0	0	2	2	2	0	1	0	1	0	0	0	0	0	0	1	2	2	1	1	0	1	2	1	1	1	0	1	1	1	2	2	0	2	0	1	2	0	1	2	2	1	0	0	1	2	0	2	2	1	1	1	2	0	1	1	2	2	1	1	2	1	0	2	1	1	2	2	2	1	2	2	2	1	2	1	2	2	2	1	1	0	1	2	1	2	1	1	1	0	2	1	2	2	2	2	1	2	1	2	2	1	0	1	0	0	0	1	2	1	0	1	1	1	2	1	0	1	0	1	1	0	1	2	1	0	2	0	2	0	1	0	1	1	0	0	1	1	0	0	1	1	1	0	1	1	1	1	1	1	1	0	0	0	0	1	1	0	1	0	0	2	0	1	0	1	0	1	0	0	1	1	0	1	0	1	2	1	1	0	1	1	0	0	1	2	0	0	0	0	0	1	0	0	0	0	0	0	0	1	0	0	1	0	0	1	1	0	0	0	0	0	0	0	0	0	1	1	0	1	1	0	2	1	0	0	0	2	0	0	0	0	1	2	0	1	0	1	1	2	0	0	0	0	1	0	1	0	2	0	1	1	0	1	1	0	2	0	1	1	2	1	1	1	0	0	1	0	0	0	1	0	1	2	0	1	2	1	1	1	0	1	0	0	0	0	1	0	1	1	0	1	1	0	0	1	1	0	0	1	1	1
SNP51	A	G	1	0	1	0	1	1	1	1	1	0	1	1	0	0	0	0	1	2	1	2	1	0	2	1	1	1	1	2	2	1	1	0	0	0	0	1	1	0	2	2	2	1	1	2	1	1	0	1	1	1	1	1	0	0	1	0	1	1	0	1	1	0	1	2	0	0	1	1	1	0	1	1	0	1	0	1	1	1	1	1	0	0	0	0	1	0	0	1	1	0	1	1	0	0	0	1	0	0	1	0	0	0	0	0	1	0	0	0	1	1	1	0	0	0	0	0	0	1	0	1	1	0	2	1	0	0	1	0	0	1	0	2	2	1	1	0	0	0	1	1	0	1	1	1	1	0	0	2	1	0	0	2	0	1	0	1	0	1	0	1	0	0	1	0	1	0	0	0	1	1	1	1	0	0	0	0	0	0	0	0	1	0	2	0	0	2	1	0	1	0	1	0	1	1	1	1	0	1	1	1	2	0	1	0	1	0	0	1	1	0	2	1	0	0	1	2	1	0	1	1	1	0	1	0	1	1	2	1	1	1	0	1	2	2	1	1	0	0	1	0	0	0	0	1	1	1	0	1	0	0	0	1	1	1	1	1	0	1	0	1	1	1	0	0	1	0	1	0	0	0	0	0	0	0	1	1	1	0	0	0	0	0	1	0	1	0	0	0	0	0	1	0	1	0	0	0	0	0	0	1	0	1	0	0	1	0	1	0	0	0	1	1	1	0	1	2	0	0	0	0	0	0	0	0	0	0	0	0	0	0	0	0	0	0	0	0	0	0	0	1	1	0	0	0	1	0	1	0	0	0	0	0	0	0	0	0	0	0	0	0	0	0	1	0	0	0	0	0	0	0	1	0	0	0	0	0	1	1	0	0	0	1	0	0	0	0	0	0	0	1	1	0	1	0	0	0	0	0	1	0
SNP52	A	G	1	1	2	1	0	1	1	1	0	2	0	1	1	1	2	1	2	2	0	2	0	1	1	0	2	2	1	1	1	1	1	0	1	1	1	1	0	0	1	1	1	0	1	0	1	2	2	1	2	2	0	1	1	0	0	0	1	2	2	1	1	1	1	1	0	1	0	1	1	2	1	2	1	1	1	1	1	1	1	0	1	2	2	1	1	1	2	1	1	0	1	1	1	2	1	0	0	2	2	0	0	2	1	1	1	2	2	2	1	0	1	2	1	1	1	0	2	0	2	2	2	1	2	1	1	1	0	1	0	1	1	1	1	2	0	1	1	1	1	0	1	1	0	1	1	1	1	2	1	0	1	1	1	1	0	1	0	1	1	2	1	1	2	1	1	1	1	1	2	2	1	2	1	1	2	1	0	2	2	2	0	2	1	1	2	2	2	2	1	1	1	1	2	2	1	1	2	1	2	1	0	1	1	1	2	1	2	1	1	1	1	1	1	1	1	2	2	2	1	0	2	0	0	1	2	1	2	2	1	0	2	2	1	1	2	2	1	1	2	1	0	0	0	2	1	1	1	0	0	2	1	1	1	1	1	0	1	0	1	2	1	0	1	0	1	1	0	0	2	2	1	1	0	1	0	1	0	0	1	1	1	1	1	1	2	0	1	0	1	1	1	0	0	1	1	0	2	2	1	2	1	1	1	1	1	0	1	1	0	1	1	2	1	2	2	1	1	0	1	1	0	2	0	1	0	0	0	1	0	2	0	2	0	1	1	2	0	1	1	1	1	0	2	1	0	0	1	1	1	1	0	1	1	1	2	1	1	1	1	1	0	1	1	0	2	0	0	1	1	0	2	1	1	0	0	1	0	1	0	0	0	1	0	1	2	1	1	0	0	1	1	2	0	1	1	0	1	1	1	2
SNP53	A	C	0	0	0	0	0	1	1	0	0	1	0	0	0	0	0	0	1	0	0	1	0	0	0	1	0	0	0	1	0	0	0	0	0	1	0	0	0	1	0	0	0	0	0	0	1	0	0	0	0	0	0	0	0	0	0	0	0	0	0	0	0	0	0	0	0	0	0	0	0	0	0	0	0	0	0	0	0	0	0	0	0	0	0	0	0	0	0	0	0	1	1	1	0	0	0	0	0	0	0	0	0	0	1	0	0	0	0	0	0	0	0	0	0	0	0	0	0	0	0	0	0	0	1	0	0	0	0	0	0	0	0	0	0	0	0	0	0	0	0	0	0	1	0	0	0	1	0	0	0	0	0	0	0	0	1	1	0	0	0	0	1	2	0	1	1	1	1	1	1	1	0	0	1	0	1	0	1	0	0	0	1	0	1	2	0	1	1	1	1	0	0	0	1	0	0	0	0	0	1	1	2	2	0	2	0	0	1	2	1	1	0	0	1	1	1	2	2	1	0	1	1	2	1	1	1	1	1	0	1	1	0	1	0	0	2	1	1	1	0	1	1	1	0	0	0	0	1	1	0	1	0	0	1	1	1	1	1	1	0	0	1	0	0	1	0	0	0	0	0	0	1	0	1	0	0	1	1	0	1	0	1	1	0	0	0	1	0	0	2	1	1	2	1	0	2	0	0	1	0	0	1	1	2	0	1	2	0	0	2	0	2	0	0	1	0	0	1	1	0	1	1	1	0	0	1	0	2	0	0	0	1	0	0	2	1	0	0	0	1	0	1	0	0	0	0	1	0	0	1	0	0	2	0	0	0	1	0	1	1	0	0	0	0	1	0	0	0	0	0	0	0	0	1	0	0	0	0	1	0	1	0	0	1	1	0	0	0	0	0	0	0	0	0	0	1	1	0	0	0	0
SNP54	A	G	0	0	0	0	0	0	0	0	0	0	0	0	0	0	0	0	0	0	0	0	0	0	0	0	0	0	0	0	0	0	0	0	0	0	0	0	0	0	0	0	0	0	0	0	0	0	0	0	0	0	0	0	0	0	0	0	0	0	0	0	0	0	0	1	0	0	0	0	0	0	0	0	0	0	0	0	0	0	0	0	0	0	0	0	0	0	0	0	0	0	0	0	0	0	0	0	0	0	0	0	0	0	0	0	0	0	0	0	0	0	0	0	0	0	0	0	1	0	1	0	0	0	0	0	1	0	0	0	1	0	0	1	1	0	0	0	0	0	1	0	0	0	0	0	0	0	0	1	0	0	0	0	2	0	0	0	0	0	0	0	0	1	0	0	0	0	0	0	0	1	0	0	0	0	0	2	1	0	0	0	0	0	0	0	0	1	0	0	0	1	0	0	0	0	0	0	0	0	0	0	1	0	1	0	1	0	0	1	0	0	0	0	0	0	0	1	0	0	0	0	0	0	0	0	0	2	0	0	1	1	0	0	1	1	0	0	0	1	0	0	0	0	0	1	0	1	0	0	0	0	0	1	0	2	0	0	1	0	0	1	1	1	0	0	1	1	0	0	2	0	0	0	0	0	0	1	0	0	0	1	0	0	0	0	0	0	0	0	0	0	0	0	0	1	0	0	1	1	0	0	0	0	1	0	1	0	0	0	0	0	0	0	1	0	0	0	0	0	0	1	0	0	0	0	0	1	0	0	0	0	0	0	0	0	0	0	0	0	0	0	0	0	0	0	0	0	0	0	0	0	0	0	0	1	0	0	1	0	1	0	0	0	0	0	0	0	1	0	0	0	0	0	1	0	1	0	0	0	0	0	0	1	0	2	1	0	0	0	0	0	0	0	0	0	1	0	0	0	0	0
SNP55	A	C	1	0	2	2	1	2	1	2	1	1	2	2	0	1	0	2	1	1	0	2	1	1	2	0	0	0	0	1	2	2	1	2	0	1	2	1	1	1	1	0	2	2	1	2	1	0	1	1	1	1	0	1	0	2	2	2	1	0	2	1	1	0	0	2	1	1	1	0	1	2	0	0	2	2	0	1	2	0	0	1	1	1	0	1	0	1	2	1	1	0	1	1	1	2	1	2	0	2	1	0	1	0	1	1	1	1	1	1	2	2	2	1	0	2	1	2	2	1	1	1	0	1	1	1	1	0	2	1	1	0	2	0	1	2	2	1	0	1	1	1	1	1	1	0	1	1	1	2	0	1	1	1	2	2	1	1	0	1	1	1	0	0	1	1	0	0	0	0	0	2	0	0	0	1	0	0	0	0	0	0	0	0	0	0	1	0	2	0	0	0	0	0	0	1	1	0	1	0	1	0	1	2	1	0	2	2	0	1	2	0	0	0	0	1	1	1	1	1	1	1	1	0	0	0	2	1	0	1	1	0	1	2	0	1	0	0	1	0	2	0	1	0	0	1	1	0	1	0	0	2	1	0	0	0	0	1	2	2	2	1	0	2	0	2	1	1	2	2	1	1	2	2	1	1	2	0	2	0	1	2	0	0	0	2	0	0	1	1	1	1	1	0	1	0	1	0	0	1	1	2	1	0	1	1	0	1	0	2	0	0	1	1	1	0	1	1	1	1	0	0	1	0	1	0	0	0	1	1	0	1	0	2	0	0	1	0	1	1	2	0	1	1	1	0	0	1	2	0	0	0	0	0	0	0	1	1	0	0	0	0	1	0	1	0	0	2	0	0	1	0	0	0	1	2	1	0	0	1	2	2	0	0	0	1	2	1	0	0	0	0	0	0	1	2	2	1	2	0	0	2
SNP56	A	C	0	0	0	1	2	0	1	0	2	1	0	0	2	1	0	0	0	1	1	1	0	0	0	0	1	0	0	0	2	1	0	1	2	0	1	1	1	1	0	1	0	0	1	0	0	0	1	1	0	0	0	1	0	1	0	1	0	0	0	0	1	1	0	1	0	0	0	1	1	0	2	0	1	0	2	0	0	0	1	2	0	0	2	0	1	1	2	0	1	1	1	1	1	0	2	1	0	0	0	0	0	0	1	1	0	0	0	0	1	1	2	1	0	1	1	0	0	1	0	1	1	1	0	0	0	0	0	1	0	1	0	0	1	0	0	1	0	0	1	0	1	0	0	0	0	1	1	1	0	1	0	0	0	2	1	1	0	1	0	0	0	0	1	1	0	1	0	0	0	0	1	1	0	1	1	1	0	0	0	1	1	1	0	0	1	1	0	0	1	2	2	1	0	1	0	0	1	0	0	1	0	1	1	0	0	1	0	1	1	2	1	0	0	0	1	0	1	0	1	0	2	2	0	1	1	0	0	1	0	0	1	1	1	1	0	1	1	0	1	0	0	0	1	0	1	0	1	1	1	0	1	0	1	0	1	0	0	0	1	0	0	0	0	1	1	0	0	0	1	1	1	0	0	0	0	0	1	0	1	1	2	0	1	1	1	0	1	0	0	0	1	0	0	0	0	0	0	0	0	0	1	1	1	1	0	0	0	0	0	0	0	0	0	0	0	0	0	0	0	0	0	0	1	0	1	0	0	0	0	1	0	0	0	0	0	0	0	0	0	1	1	0	0	0	0	2	0	1	0	0	2	1	0	0	0	1	0	1	0	0	0	0	0	0	0	0	1	0	0	0	0	0	0	0	0	0	0	1	0	0	1	1	0	1	0	0	0	2	1	0	1	0	0	1	0	1	0	0	0	0
SNP57	A	T	0	2	1	0	0	1	0	1	2	1	1	1	1	1	1	1	0	1	1	0	2	0	0	0	2	0	2	0	1	1	1	1	1	0	0	0	1	2	1	0	1	0	2	1	1	0	1	0	1	1	1	0	1	0	0	0	0	2	0	2	0	0	1	1	1	0	0	1	1	1	0	0	0	1	2	2	0	1	1	0	0	0	1	0	0	0	1	0	2	2	1	1	1	0	1	1	1	1	1	1	1	2	2	0	2	2	2	1	1	0	2	1	1	1	2	1	1	2	1	2	1	2	0	0	0	0	0	1	0	0	1	1	0	0	1	0	0	2	0	0	0	1	0	1	1	0	1	2	0	0	1	0	0	0	0	1	0	0	0	0	0	0	1	0	0	0	0	2	0	0	0	0	1	0	1	0	1	1	1	0	0	0	1	0	0	0	0	0	1	0	0	0	2	1	1	0	0	0	0	0	0	0	0	0	0	0	0	1	0	0	0	0	0	0	0	0	1	0	0	0	0	0	0	0	0	0	0	1	2	0	0	0	0	1	1	0	0	0	0	0	0	0	1	0	0	0	0	0	1	0	0	0	0	0	0	0	0	0	0	0	0	0	0	0	1	0	0	0	0	1	0	0	0	0	0	0	0	0	0	0	0	0	0	0	0	0	0	0	0	0	1	0	1	0	1	0	1	0	0	1	0	0	1	0	0	0	0	0	0	0	1	1	0	0	0	0	0	1	0	0	0	0	0	0	0	0	1	0	0	0	0	0	0	0	0	0	0	0	0	0	0	0	0	0	0	0	0	0	0	0	0	0	1	0	0	1	1	0	0	0	1	0	0	1	0	0	1	0	1	0	0	2	2	1	1	1	0	0	0	0	0	1	1	0	0	1	0	0	0	1	1	1	0	1	1	1	2	2	2	1
SNP58	A	T	0	1	0	0	1	1	0	0	2	1	0	1	0	0	0	0	1	1	0	1	0	1	0	0	1	2	0	0	1	0	0	1	0	0	0	0	0	1	0	1	1	0	1	1	1	1	1	0	1	2	1	1	2	1	0	0	0	1	0	0	0	1	0	1	1	2	2	1	1	1	1	0	0	1	1	1	2	0	0	0	0	2	2	1	1	0	0	2	1	1	2	1	0	1	1	0	1	1	0	0	0	1	1	1	2	1	1	2	0	1	1	2	1	1	0	0	1	1	1	1	1	0	2	0	1	1	1	2	0	0	0	2	0	1	0	1	1	0	1	0	1	1	0	1	1	1	0	2	1	0	2	0	1	0	1	1	1	2	1	1	1	2	1	0	1	1	1	1	1	0	1	2	1	0	1	1	1	1	0	1	0	1	1	1	1	0	0	2	0	2	1	0	2	0	0	2	0	2	0	1	0	1	1	0	0	1	2	0	0	1	1	1	0	1	1	1	1	0	0	0	0	0	0	1	0	0	0	1	1	0	1	1	1	0	1	0	0	2	0	1	1	0	2	1	0	1	0	1	1	0	1	1	0	0	1	1	1	0	1	1	1	1	0	0	1	1	1	0	1	1	0	2	1	2	0	0	0	0	0	1	0	0	1	0	1	1	0	0	0	0	0	2	0	1	2	0	1	0	1	1	0	1	1	0	0	0	1	1	0	1	1	1	1	0	0	1	1	0	1	1	0	1	0	1	0	0	1	0	1	1	0	1	2	0	1	2	0	2	0	1	1	1	1	1	0	0	1	1	2	0	1	1	1	1	1	1	0	1	0	0	0	0	1	0	0	0	1	0	1	0	0	1	0	0	1	1	1	1	1	1	1	0	1	0	0	1	1	0	0	0	0	1	1	0	0	0	0	0	1	1
SNP59	A	G	0	1	0	1	0	0	1	1	1	1	2	1	0	1	0	0	2	1	1	0	0	1	0	0	1	1	0	1	1	1	2	0	1	1	0	1	1	1	0	0	0	0	1	1	0	0	0	0	2	1	0	1	0	0	0	0	1	1	0	0	1	2	1	0	1	1	2	1	1	0	0	2	0	1	2	1	0	0	0	1	1	1	1	1	1	2	1	0	1	1	1	0	0	2	1	0	0	2	2	0	1	1	0	1	1	0	1	0	1	1	1	1	0	0	0	0	0	1	0	1	2	1	1	1	0	1	2	0	0	1	1	2	1	2	1	0	1	0	1	1	1	1	1	0	1	0	0	0	0	1	0	1	1	1	1	2	1	2	2	2	2	1	0	1	1	1	1	0	1	1	1	2	1	2	0	1	1	0	1	1	0	1	0	1	2	1	1	1	1	1	0	2	1	0	0	2	1	1	1	2	0	0	0	0	0	1	0	0	0	1	0	1	1	0	0	0	1	0	1	0	0	0	1	0	1	0	0	2	0	1	0	1	0	1	0	1	0	0	0	1	1	0	0	0	2	1	0	0	0	0	0	0	1	0	0	0	1	0	1	0	0	1	0	0	0	0	1	0	0	0	0	0	0	0	0	0	0	0	0	0	1	1	0	0	1	0	1	0	2	0	1	0	2	0	1	0	0	1	1	0	0	1	0	0	0	0	0	1	2	0	1	2	0	0	0	0	1	0	0	0	0	1	1	0	0	0	2	0	1	1	0	0	0	0	1	0	0	0	0	2	0	0	0	1	2	0	0	0	1	2	0	0	1	0	0	0	0	1	1	0	1	0	1	1	0	0	1	0	1	1	1	0	0	0	0	0	0	2	1	0	1	1	1	1	0	2	0	0	0	2	1	2	0	1	2	1	0	0	2	0
SNP60	A	T	0	0	2	0	1	1	0	0	1	2	0	2	0	2	0	1	0	1	0	1	0	0	0	0	0	2	2	0	2	1	0	0	0	0	0	1	1	1	0	0	0	1	1	0	0	1	0	0	1	0	1	0	0	0	0	0	1	1	1	0	0	0	1	0	0	0	0	0	0	0	0	0	0	1	1	0	1	1	1	1	0	0	0	0	0	1	1	0	1	1	0	0	0	0	0	0	1	0	0	0	1	0	0	0	0	0	0	0	0	0	0	0	0	0	1	0	0	0	0	0	0	0	0	0	0	0	0	0	0	0	0	0	0	0	0	0	0	0	0	0	1	1	0	0	0	0	0	0	0	0	1	0	0	0	0	0	0	0	0	0	0	0	0	0	0	0	0	0	0	0	0	0	0	0	0	0	0	0	0	0	0	0	0	0	0	0	0	0	0	0	0	0	0	0	0	0	0	0	0	0	0	0	0	0	0	0	0	0	0	0	0	0	0	0	0	0	0	0	0	0	1	0	0	0	0	0	0	0	0	0	0	0	0	0	0	0	0	0	0	0	0	0	0	0	0	0	0	0	0	0	0	0	0	0	0	1	0	0	0	0	0	0	0	0	0	0	0	0	0	0	0	0	0	0	0	0	0	0	0	0	0	0	0	0	1	0	0	0	0	0	0	0	0	1	0	0	1	1	0	1	0	1	0	0	0	0	0	0	0	0	0	0	0	0	0	0	0	1	0	0	1	0	0	0	0	0	0	0	0	0	0	0	1	0	0	0	0	1	0	0	0	0	0	0	0	0	0	0	0	1	1	0	0	0	1	0	0	1	0	0	0	0	0	0	0	0	0	0	0	0	0	0	0	0	0	0	0	0	0	0	1	0	0	0	0	0	0	0	0	0	0	0	0	0	0	0	0	0	0	0
SNP61	A	T	0	0	0	0	0	0	0	0	0	0	0	0	0	0	0	0	0	0	0	0	0	0	0	0	0	0	0	0	0	0	0	0	0	0	0	0	0	0	0	0	0	0	0	0	1	0	0	0	0	0	1	0	0	0	0	1	0	0	0	0	1	0	1	0	0	0	0	0	0	1	0	0	0	0	2	0	0	0	1	0	0	1	0	0	0	1	0	0	0	0	0	0	0	0	0	0	0	0	0	0	0	0	0	0	0	0	0	0	0	0	0	1	1	0	2	0	0	0	0	0	0	0	0	0	0	0	0	0	0	0	0	0	0	0	0	0	0	0	0	0	0	0	0	0	0	0	0	0	0	0	0	0	0	0	0	0	0	0	0	0	0	1	0	0	0	1	0	0	0	0	0	0	0	0	0	0	0	1	0	0	0	0	0	0	0	0	0	0	0	0	1	0	0	1	1	0	0	0	0	1	0	0	0	0	0	0	0	0	0	0	1	0	0	1	0	0	0	0	0	0	0	0	0	0	0	1	0	0	0	1	0	1	0	0	0	0	0	0	0	0	0	0	0	0	0	0	0	0	0	0	0	0	0	0	0	0	0	0	0	0	0	0	0	0	0	0	0	0	0	0	0	0	0	0	0	0	0	0	0	0	0	0	0	0	0	0	0	0	0	0	0	0	0	0	0	0	0	0	0	0	0	0	0	0	0	0	0	0	0	0	0	0	0	0	0	0	0	0	0	0	0	0	0	0	0	0	0	0	0	0	0	0	0	0	0	0	0	0	0	0	0	0	0	0	0	0	0	0	0	0	0	0	0	0	0	0	0	0	0	0	0	0	0	0	0	0	0	0	0	0	0	0	0	0	0	0	0	0	0	0	0	0	0	0	0	0	0	0	0	0	0	0	0	0	0	0	0	0	0	0
SNP62	A	C	1	0	2	2	2	0	2	1	1	1	1	0	1	1	1	2	1	1	1	2	1	1	2	1	1	1	1	1	1	0	1	1	2	0	2	2	0	1	2	1	1	0	1	0	1	1	1	1	0	2	0	1	1	0	1	1	0	0	0	0	1	2	1	1	1	0	0	2	0	0	0	0	2	2	1	0	0	1	1	0	1	1	0	0	1	1	1	0	0	0	2	0	1	1	1	2	1	1	1	0	0	0	2	1	0	0	0	1	0	1	0	1	1	0	1	0	0	1	1	0	1	1	1	0	0	0	0	0	0	0	1	1	1	1	0	0	1	0	0	0	1	0	1	0	0	0	0	0	0	0	0	0	0	0	0	0	0	0	2	0	0	0	1	0	0	0	0	0	0	0	0	1	0	0	0	0	0	0	0	0	0	0	0	0	0	0	0	0	0	1	0	0	0	0	0	0	0	2	0	0	0	0	0	0	0	0	0	0	0	0	0	0	0	0	0	0	0	0	0	0	0	0	0	0	0	0	0	0	0	0	0	0	0	0	0	0	0	0	0	0	0	0	0	0	0	0	1	0	0	0	0	0	0	0	1	0	0	0	0	0	0	0	0	0	0	1	1	0	0	0	0	0	0	0	0	0	0	0	1	1	0	0	0	1	0	1	0	0	1	0	1	0	1	0	0	1	0	0	0	0	0	0	1	0	0	1	1	0	0	0	0	0	0	0	0	0	0	0	0	0	0	0	0	0	0	0	0	0	0	0	0	0	0	0	0	0	0	0	1	0	0	0	0	0	0	0	0	0	1	1	1	0	1	0	0	0	1	0	0	0	1	0	0	0	0	0	0	0	0	0	0	0	0	0	0	0	0	0	0	0	0	0	0	0	0	0	0	0	0	0	0	0	0	0	0	0	0	0	0	0
SNP63	A	T	0	0	0	0	0	0	0	0	0	0	0	0	0	0	0	0	0	0	0	0	0	0	0	0	0	0	0	0	0	0	0	0	0	0	0	0	0	0	0	0	0	0	0	0	0	0	1	0	0	0	0	0	0	0	0	0	0	0	0	1	0	0	0	0	0	0	1	1	1	0	0	0	0	0	0	0	0	0	0	0	0	0	0	0	0	0	0	0	0	0	0	0	0	0	0	0	0	0	0	0	0	0	0	0	0	0	0	0	0	0	0	1	0	0	0	0	0	1	0	0	0	0	0	0	0	0	0	0	0	0	0	0	0	0	0	0	0	0	0	0	0	0	0	0	0	0	0	0	0	0	0	0	0	0	0	0	0	0	0	0	0	0	0	0	0	0	0	0	0	0	0	0	0	0	0	0	1	0	1	0	0	0	0	0	0	0	0	0	0	0	0	0	0	0	0	0	0	0	1	0	0	0	0	0	0	0	0	0	0	0	0	0	0	0	1	0	0	0	0	0	1	0	0	0	0	0	0	0	0	0	0	0	0	0	0	0	0	0	0	0	0	0	0	0	0	0	0	0	0	0	0	0	0	0	0	0	0	0	0	0	0	0	1	0	1	0	0	0	0	0	2	0	0	0	0	1	0	0	0	0	1	0	0	0	0	0	0	0	0	0	0	0	0	0	0	0	1	2	0	1	0	0	1	2	0	0	2	0	0	0	0	0	1	0	0	1	0	0	1	0	0	1	0	1	0	0	0	1	0	1	0	0	0	1	1	0	0	0	1	1	1	0	0	1	1	2	0	0	0	0	0	1	2	0	0	0	0	0	1	1	0	0	1	0	1	0	0	0	0	0	1	0	1	1	0	0	0	0	0	1	1	0	1	0	0	0	1	0	0	0	0	0	2	0	1	0	1	1	0	0
SNP64	A	T	0	0	0	0	0	0	0	0	0	0	0	0	0	0	0	0	0	0	0	0	0	0	0	0	0	0	0	0	0	0	0	0	0	0	0	0	0	0	0	0	0	0	0	0	0	0	0	0	0	0	0	0	0	0	0	0	0	0	0	0	0	0	0	0	0	0	0	0	0	0	0	0	0	0	0	0	0	0	0	0	0	0	0	0	0	0	0	0	0	0	0	0	0	0	0	0	0	0	0	0	0	0	0	0	0	0	0	0	0	0	0	0	0	0	0	0	0	0	0	0	0	0	0	0	0	0	0	0	0	0	0	0	0	0	0	0	0	0	0	0	0	0	0	0	0	0	0	0	0	0	0	0	0	0	0	0	0	0	0	0	0	0	0	0	0	0	0	0	0	0	0	0	0	0	0	0	0	0	0	0	0	0	0	0	0	0	0	0	0	0	0	0	0	0	0	0	0	0	0	0	0	0	0	0	0	0	0	0	0	0	0	0	0	0	0	0	0	0	0	0	0	0	0	0	0	0	0	0	0	0	0	0	0	0	0	0	0	0	0	0	0	0	0	0	0	0	0	0	0	0	0	0	0	0	0	0	0	0	0	0	0	0	0	0	0	0	0	0	0	0	0	0	0	0	0	0	0	0	0	0	0	0	0	0	0	0	0	0	0	0	0	0	0	0	0	0	0	0	0	0	0	0	0	0	0	0	0	0	0	0	1	0	0	0	0	0	0	0	0	0	0	0	0	0	0	0	0	0	0	0	0	0	0	0	0	0	0	0	0	0	0	0	0	0	0	0	0	0	0	0	0	0	0	0	0	0	0	0	0	0	0	1	0	0	0	0	0	0	0	0	0	0	0	0	0	0	0	0	0	0	0	0	1	0	0	0	0	0	0	0	0	0	0	0	0	0	0	0	0	0
SNP65	A	T	0	2	1	0	1	2	2	2	2	2	1	1	2	2	2	0	1	2	1	2	1	1	1	2	2	2	2	2	2	2	2	1	2	2	1	1	1	2	2	2	1	0	1	2	2	2	1	1	1	1	2	1	2	2	2	1	1	2	2	2	1	2	2	1	2	2	2	2	2	2	2	2	1	0	1	2	1	1	1	2	0	2	2	0	2	0	2	0	2	2	2	2	1	0	2	1	2	1	1	2	1	2	0	1	2	2	1	0	2	2	2	1	0	1	2	2	2	2	2	0	1	1	0	1	1	1	1	2	1	0	1	1	2	1	1	2	1	1	2	2	1	1	0	1	0	0	1	1	0	0	1	2	1	2	2	0	1	0	1	1	0	0	2	1	2	2	1	2	1	1	1	0	1	1	2	2	2	2	1	0	0	1	2	0	0	1	1	1	0	2	0	0	2	1	2	1	0	1	2	0	1	2	0	1	2	1	1	2	2	1	1	2	2	1	0	0	1	2	1	1	2	0	1	1	0	1	0	0	1	2	2	2	2	1	1	1	1	1	0	2	1	2	2	1	1	2	1	1	1	1	1	2	1	0	0	1	1	0	2	1	2	1	1	1	0	2	1	0	0	1	2	2	1	1	2	0	1	1	1	1	1	1	2	0	0	0	0	0	0	0	2	1	0	0	0	1	1	2	1	1	0	1	2	2	1	2	1	1	2	1	0	1	0	0	1	2	1	1	1	1	1	1	1	0	0	2	1	0	1	0	0	1	1	0	0	1	0	1	0	1	0	0	1	1	1	1	1	0	0	0	2	2	2	0	0	1	1	2	1	0	1	1	0	1	0	0	1	2	1	0	0	0	0	2	0	2	1	1	1	1	0	1	1	2	2	1	0	1	0	1	1	2	1	0	1	0	0	2	1	1
SNP66	A	C	0	0	0	0	0	0	0	0	0	0	0	0	0	0	0	0	0	0	0	0	0	0	0	0	0	0	0	0	0	0	0	0	0	0	0	0	0	0	0	0	0	0	0	0	1	0	0	0	0	0	0	0	0	0	0	0	0	0	0	1	0	0	1	0	0	0	0	0	0	0	0	0	0	0	0	1	0	0	0	0	0	0	0	0	0	0	0	0	0	0	0	0	0	0	0	0	0	0	0	0	0	0	0	0	0	0	0	0	0	0	1	0	0	0	0	0	0	0	0	0	0	1	0	0	0	0	0	2	0	0	0	0	1	0	0	0	0	1	0	0	0	0	0	1	0	0	1	0	0	1	0	1	1	0	1	0	0	0	0	1	0	0	0	0	0	0	1	1	0	0	0	1	0	1	1	0	0	0	1	0	0	1	0	0	0	0	0	0	0	0	0	0	0	0	0	0	0	0	0	0	1	0	0	0	0	0	0	0	0	0	1	0	0	0	0	1	0	0	1	1	1	1	0	0	1	0	0	0	0	0	0	1	0	0	0	0	0	0	0	0	0	0	0	0	0	0	0	0	0	0	0	0	0	0	0	0	0	0	0	0	0	0	0	0	1	0	0	0	0	0	0	0	0	0	0	0	0	0	0	0	0	0	0	0	0	0	0	0	1	0	0	0	0	0	0	0	0	0	0	0	0	0	0	0	1	0	0	1	0	0	0	1	1	0	0	1	0	0	0	0	0	1	0	0	0	0	0	1	1	0	0	0	0	0	0	0	0	0	0	0	0	0	0	0	0	0	0	0	0	0	0	0	0	0	0	0	0	0	0	0	0	0	0	0	0	0	0	0	0	0	0	0	0	0	0	0	0	0	0	0	0	0	0	0	0	0	0	0	0	0	0	0	0	0	0	0	0	0	0	0
SNP67	A	G	1	1	1	0	0	1	0	0	0	0	0	0	0	0	0	1	0	0	0	0	0	0	0	1	0	0	0	1	2	0	1	2	0	0	1	0	0	0	0	0	0	1	1	1	0	0	0	1	0	0	0	0	0	0	0	0	1	2	0	0	0	0	0	1	1	0	2	1	0	0	1	0	2	2	1	1	0	0	0	0	0	1	1	1	2	1	0	1	1	1	0	0	2	1	1	1	1	2	0	1	0	1	0	1	0	1	0	1	0	1	1	0	1	2	0	1	0	1	1	0	1	1	1	1	1	1	1	0	0	1	1	1	0	1	0	1	1	1	0	1	1	0	2	0	1	1	2	0	1	0	2	1	1	1	1	1	1	0	2	0	0	1	0	0	0	0	0	1	0	0	0	0	0	0	0	1	1	0	1	0	0	0	0	0	0	0	1	0	0	1	1	1	0	0	0	1	0	0	1	0	0	0	1	1	0	0	0	0	0	0	1	0	0	0	0	1	1	2	0	0	0	0	0	0	0	0	0	1	0	0	0	1	0	0	0	0	0	0	0	0	0	0	1	0	0	1	0	2	0	0	0	0	0	0	0	0	0	0	0	1	0	0	0	0	0	0	0	0	0	0	0	0	0	0	0	0	0	0	0	0	0	0	0	0	0	0	0	0	0	1	0	0	0	1	0	0	0	0	1	0	0	0	0	0	0	0	0	1	1	0	0	0	1	1	1	0	0	0	0	0	0	2	1	0	1	0	1	0	0	0	0	0	0	0	1	0	0	0	0	0	0	0	0	1	0	1	0	1	0	0	0	1	0	0	0	1	0	0	0	0	0	0	0	0	0	1	0	2	0	0	0	0	0	0	0	1	0	0	0	1	0	0	0	0	1	0	0	0	0	0	0	0	0	0	0	0	0	1	0	0
SNP68	A	T	2	2	1	1	0	1	2	2	2	2	2	1	2	0	2	1	1	2	1	1	1	1	1	1	2	2	2	0	0	1	1	2	1	1	1	1	1	1	0	0	2	2	1	2	2	2	1	2	1	0	1	2	1	1	1	1	1	1	1	1	2	1	1	1	2	2	2	1	1	2	1	2	1	2	1	2	2	2	0	2	1	2	2	2	2	2	1	2	2	2	1	2	2	2	1	2	1	1	2	2	1	2	2	2	1	2	2	2	1	1	2	2	2	1	2	2	1	1	2	2	1	2	2	2	2	2	1	1	1	1	1	1	2	2	2	2	1	1	1	1	2	2	2	1	2	1	1	1	2	0	2	1	1	1	1	2	1	1	0	2	2	1	2	1	2	0	1	1	2	2	1	2	2	1	1	1	1	2	1	2	2	0	0	1	2	1	2	0	2	2	2	1	2	1	2	1	0	1	0	1	1	2	2	0	0	1	0	1	1	2	1	0	1	1	2	0	1	0	0	2	2	2	2	2	2	1	0	1	1	2	0	2	1	0	2	1	2	0	2	0	2	1	1	1	1	1	1	1	2	2	2	0	1	2	2	1	1	2	1	1	0	2	2	1	2	2	2	2	1	1	2	0	1	2	0	1	2	1	2	2	1	1	2	1	2	1	2	2	0	2	2	1	2	2	1	0	1	2	2	0	1	2	0	0	1	1	2	2	2	1	2	2	1	1	2	2	2	2	1	2	2	2	2	0	1	2	2	1	0	2	1	1	0	1	2	2	1	2	1	1	1	0	1	2	1	2	1	0	1	1	1	1	0	1	1	2	2	0	1	2	2	2	1	2	0	0	1	0	1	1	2	1	2	2	2	1	1	2	1	1	1	1	1	1	2	1	2	0	1	1	2	1	1	0	0	2	2	0	1	2
SNP69	A	T	0	0	0	0	0	0	0	0	0	0	0	0	0	0	0	0	0	0	0	0	0	0	0	0	0	0	0	0	0	0	0	0	0	0	0	0	0	0	0	0	0	0	0	0	0	1	0	0	0	0	0	0	0	0	0	0	0	0	0	0	0	0	1	1	0	1	0	0	1	0	0	1	0	0	2	0	0	0	0	0	0	0	0	0	0	1	0	0	0	0	0	0	0	0	0	0	0	0	0	0	0	0	0	0	0	0	0	0	0	0	0	0	0	0	0	0	1	0	0	0	0	1	0	0	0	0	0	0	0	0	0	0	0	0	0	0	0	0	0	0	0	0	0	0	0	0	0	0	0	0	0	0	0	0	0	0	0	0	0	0	0	0	0	0	0	0	0	0	0	0	0	0	0	0	0	0	0	0	0	0	0	0	0	0	0	0	0	0	0	0	0	0	0	0	0	0	0	0	0	0	0	0	0	0	0	0	0	0	0	1	0	0	0	0	0	1	0	0	0	0	0	0	0	0	0	0	0	0	0	0	0	0	0	0	0	0	0	0	0	0	1	0	0	0	0	0	0	0	0	0	0	0	0	0	0	0	0	0	0	0	0	1	0	0	0	1	0	0	0	0	1	0	0	1	0	0	0	0	0	0	0	1	0	0	1	0	0	0	0	1	0	1	2	0	2	0	0	1	0	1	1	0	0	1	0	1	1	2	0	0	0	0	1	0	0	0	1	0	1	0	0	1	0	0	2	0	0	0	0	0	1	0	1	1	2	0	0	0	0	0	0	0	1	1	0	0	1	0	0	0	0	0	0	0	0	1	0	0	0	1	0	0	0	0	0	0	0	0	1	0	0	0	0	0	0	1	0	0	0	0	0	0	0	0	0	0	0	0	0	0	1	1	0	0	0	0	0	1	0	0
SNP70	A	G	0	0	0	0	0	1	0	0	0	0	0	0	1	0	0	0	0	0	1	1	0	0	1	2	0	0	0	0	0	0	1	1	0	1	0	0	1	2	0	1	0	0	1	0	1	0	0	1	0	1	1	0	0	0	0	0	0	0	0	0	1	0	0	0	0	1	1	0	0	0	0	0	0	0	0	0	0	0	0	1	1	0	0	1	0	0	0	0	0	1	1	1	0	0	0	0	0	0	0	0	0	0	0	1	0	0	1	0	0	1	0	1	1	0	0	0	0	0	0	0	0	0	0	0	0	0	0	0	0	0	0	0	0	1	1	0	0	0	1	0	0	1	0	0	0	0	0	0	0	0	1	0	0	0	0	1	1	0	1	0	1	0	0	1	0	1	1	0	0	1	0	0	0	0	0	0	0	0	0	0	0	1	1	0	0	0	0	0	0	0	1	0	2	0	1	0	1	0	1	0	1	2	0	1	0	0	0	0	0	1	0	0	0	0	0	0	0	1	1	0	2	0	1	0	0	1	1	0	0	0	1	2	0	0	1	1	0	0	1	0	1	0	2	0	0	0	0	1	1	0	1	1	0	1	2	0	0	1	1	0	0	1	0	0	1	0	0	1	1	0	1	0	0	0	0	0	1	0	1	1	1	0	0	1	0	0	0	0	0	0	0	0	0	0	0	1	0	0	0	0	0	0	0	0	0	0	0	0	0	0	0	0	0	0	0	0	1	0	0	0	0	0	1	0	0	0	0	0	1	0	0	0	1	0	0	0	0	0	0	0	0	0	0	0	0	0	0	0	0	0	0	0	0	0	0	0	0	1	0	0	2	1	0	2	0	0	1	0	0	0	0	0	0	1	1	0	1	0	0	0	1	0	0	0	1	1	0	0	0	0	0	1	1	0	0	1	1	1	1	0
SNP71	A	C	0	1	0	1	0	0	0	2	0	0	1	1	1	0	0	0	1	2	0	1	0	0	2	0	1	2	1	0	0	0	0	1	0	0	0	0	0	1	1	1	1	1	2	1	1	0	0	1	1	1	2	1	0	0	0	0	0	0	1	1	0	0	0	1	0	0	0	0	0	1	0	1	0	0	0	0	1	1	0	0	0	0	0	0	0	0	0	0	0	0	0	0	0	0	0	0	0	0	0	0	0	0	0	0	0	0	0	1	1	0	1	0	0	0	0	0	1	0	1	0	0	0	0	0	0	0	0	0	0	0	0	0	0	0	0	0	0	0	1	0	0	0	0	0	0	0	0	0	0	0	0	0	0	0	0	0	1	0	0	0	0	0	0	0	0	0	0	0	0	0	0	0	0	0	0	0	0	0	0	0	0	0	0	0	0	0	0	0	0	0	0	0	0	0	0	0	0	0	0	0	0	0	0	0	0	0	0	0	0	0	0	0	0	0	0	0	0	0	0	0	0	0	0	0	0	0	0	1	0	0	0	0	0	1	0	0	1	1	0	0	0	0	0	0	0	0	0	0	0	0	0	0	2	0	1	0	0	0	0	1	0	0	0	0	0	1	0	0	0	0	0	0	0	0	1	0	0	0	0	0	0	0	0	0	0	0	0	0	0	0	0	0	1	0	0	0	0	0	0	0	0	0	0	0	0	0	0	0	0	0	0	0	0	0	0	0	1	0	0	0	0	0	0	0	0	0	0	0	0	0	0	0	0	0	0	0	0	0	0	0	0	0	0	0	0	0	0	0	0	0	0	0	0	0	0	0	0	0	0	0	0	0	0	0	0	0	0	0	0	0	0	0	1	0	0	0	0	0	0	0	0	0	0	0	0	0	0	0	0	0	0	0	0	0	0	0	0	0	0	0
SNP72	A	T	2	0	0	0	0	1	0	0	1	0	0	2	0	1	0	1	0	0	0	1	0	0	1	1	1	1	1	0	0	0	2	0	0	1	1	1	1	0	0	0	1	1	0	1	1	0	1	0	0	0	0	1	0	0	1	0	0	0	1	1	0	1	1	1	0	1	1	0	0	0	1	0	1	0	0	0	0	0	0	0	1	2	0	0	1	1	1	1	0	2	1	1	2	1	1	1	0	1	1	2	2	1	0	1	2	0	1	1	2	1	1	2	1	1	1	2	0	1	2	2	0	0	1	1	1	1	1	2	1	2	0	0	1	0	1	1	2	2	0	1	0	0	1	0	1	1	0	0	1	1	0	0	1	0	1	1	1	1	1	0	1	2	1	1	1	1	0	0	2	0	1	1	0	0	1	2	1	0	1	2	1	0	1	1	0	2	2	1	0	0	2	2	1	0	0	1	1	1	0	1	1	0	0	0	1	0	1	0	0	1	1	0	0	2	0	1	1	0	0	1	0	0	0	2	0	1	1	0	0	0	1	1	0	2	1	0	1	1	0	2	0	0	1	1	1	0	0	2	1	0	1	1	2	2	1	1	0	0	2	0	1	0	0	1	2	0	0	1	0	0	0	0	2	1	2	0	0	1	0	0	1	1	0	0	0	0	0	0	0	0	0	0	1	0	0	0	0	0	1	0	0	0	0	0	1	0	1	0	1	1	2	1	0	0	1	0	0	1	1	1	0	2	0	0	0	0	1	1	1	2	0	2	1	0	0	1	0	0	0	0	0	0	0	0	0	1	1	0	0	1	1	0	1	0	1	0	0	0	0	1	1	1	1	1	0	1	0	2	0	2	1	1	1	2	0	1	1	1	1	1	1	1	0	2	1	1	1	2	0	2	1	1	0	0	1	1	1	1	0	1
SNP73	A	T	0	0	0	0	0	1	1	0	1	0	0	0	0	0	2	0	0	1	0	1	0	0	0	1	0	0	0	2	0	0	0	0	0	0	0	0	0	0	0	0	0	0	0	1	0	0	1	1	0	0	0	0	1	0	0	1	0	0	0	0	0	0	0	0	0	0	1	1	0	0	0	0	0	0	0	0	0	0	1	0	1	1	1	0	0	1	2	1	1	1	1	1	0	0	2	1	1	0	1	1	1	2	2	0	0	0	1	0	0	1	2	1	1	0	2	1	0	0	2	1	2	1	1	0	1	0	0	0	0	1	1	1	2	1	1	1	2	0	0	1	1	1	1	1	1	1	2	2	1	1	1	0	0	2	1	1	1	2	0	0	1	1	2	1	2	2	2	0	1	0	2	1	2	2	2	1	2	2	1	1	1	2	1	0	2	1	1	1	1	1	0	1	1	2	1	1	1	0	2	1	0	1	0	2	1	1	1	1	0	0	1	1	0	2	2	1	1	2	0	1	1	1	0	1	0	2	1	2	2	2	1	0	0	0	0	1	1	1	0	1	1	0	0	1	1	0	0	2	1	1	1	2	1	1	2	1	1	0	2	1	0	1	0	0	2	1	1	0	0	2	2	0	2	2	2	2	2	2	2	1	1	0	1	1	0	1	1	2	0	0	1	1	0	1	1	2	0	2	0	0	0	1	1	0	1	1	0	0	1	2	1	0	0	2	1	2	2	2	1	2	1	1	1	1	2	0	1	0	1	1	2	1	2	0	1	0	1	2	0	0	1	1	1	2	2	1	0	0	2	1	1	2	1	0	1	2	1	0	0	1	0	1	0	1	0	0	1	0	1	1	1	1	1	1	1	1	1	1	2	1	0	0	1	0	0	0	0	0	0	0	1	0	2	0	1	0	0	1	0	1
SNP74	A	G	0	1	1	0	0	0	0	0	0	1	0	0	1	0	0	0	1	0	1	1	0	0	0	0	0	0	1	0	0	0	1	0	0	0	0	1	0	0	0	2	1	0	1	1	0	0	0	0	0	0	0	0	0	0	0	0	0	0	0	0	0	0	0	0	1	0	0	1	0	0	0	0	0	0	0	1	1	1	0	0	0	0	1	1	0	0	1	0	0	0	0	0	0	1	0	0	0	0	1	0	0	0	0	0	0	1	1	0	1	1	0	0	1	1	1	0	0	0	0	0	0	1	0	2	1	1	0	0	0	0	1	0	1	0	1	1	0	0	1	0	0	1	0	1	0	1	1	0	1	0	0	0	0	0	0	1	1	0	0	0	0	2	0	0	0	0	0	0	0	1	0	1	1	0	1	1	0	0	0	1	2	0	1	0	2	0	0	0	0	0	0	0	0	0	1	0	0	1	0	0	1	1	1	0	1	0	2	0	0	0	0	1	0	0	0	0	0	0	1	1	0	0	1	1	1	1	0	0	0	0	1	0	0	1	1	1	0	0	1	0	0	0	0	0	0	1	0	0	0	0	0	0	0	0	0	0	0	0	0	0	0	0	0	1	0	0	0	0	0	1	0	0	0	0	0	0	0	1	0	0	0	1	0	0	0	0	0	1	0	0	0	0	0	0	1	0	0	0	1	0	0	0	0	1	1	0	1	0	0	1	0	0	0	0	0	0	0	0	0	0	1	1	1	0	1	0	1	0	0	0	0	2	1	0	1	0	1	1	0	1	2	1	0	1	0	0	0	0	0	1	1	0	1	0	1	0	0	0	0	0	0	1	0	0	0	0	0	0	0	0	0	0	0	0	0	1	0	0	0	0	0	1	0	0	0	0	0	0	0	0	0	0	0	0	1	0	0	0	0	0
SNP75	A	T	1	0	0	0	0	0	0	1	0	0	0	0	1	0	0	0	0	0	0	0	0	0	0	0	0	0	0	1	1	0	1	0	0	0	1	0	0	0	0	0	0	0	0	0	0	0	1	0	0	0	1	0	1	0	1	1	0	0	0	0	0	1	0	0	0	0	1	0	0	0	0	0	0	0	0	0	0	0	0	0	0	0	0	0	0	0	0	0	1	0	0	0	2	2	1	0	0	0	0	0	0	0	0	0	0	1	0	0	0	0	1	0	0	0	0	2	1	0	0	0	0	0	0	0	1	0	0	0	0	0	0	0	0	0	0	0	1	0	0	0	1	1	0	0	1	0	0	1	0	0	0	0	0	0	0	0	0	0	1	0	0	0	0	0	0	0	0	0	0	0	0	0	0	0	0	0	0	0	0	0	1	0	0	0	0	0	0	0	0	0	0	0	0	0	0	0	0	0	0	0	0	0	0	0	1	0	0	0	0	0	0	0	0	1	0	1	0	0	0	0	0	0	0	0	0	1	0	0	0	0	0	0	0	0	0	0	0	0	0	0	0	0	0	1	0	0	1	0	0	1	0	0	0	0	0	0	0	0	0	0	0	0	0	0	0	0	0	0	1	0	1	1	0	0	0	0	1	0	0	0	0	0	0	0	0	0	1	0	0	0	0	0	0	0	0	0	0	1	0	1	0	0	0	0	0	0	0	0	0	0	0	0	0	0	0	0	0	1	0	0	0	1	0	0	0	0	0	0	0	0	0	0	0	0	0	0	0	0	0	0	0	0	0	0	0	0	1	1	0	0	0	0	0	0	0	0	0	0	0	0	0	0	0	0	0	1	1	0	0	1	0	1	0	0	0	0	0	1	1	0	0	0	1	0	0	0	1	0	0	0	0	0	0	0	1	0	0	0	0	0
SNP76	A	T	1	2	0	1	2	2	2	0	2	2	1	2	0	0	1	2	1	1	1	1	2	0	1	2	1	1	1	1	2	2	0	1	1	0	1	2	2	1	2	2	1	2	2	0	2	2	1	1	1	1	1	1	2	0	2	2	2	0	2	1	2	1	2	1	2	1	1	1	1	0	1	1	0	0	0	2	0	1	1	2	0	1	1	0	0	1	0	0	0	0	1	0	0	0	0	0	1	1	1	1	2	0	0	0	0	0	1	0	1	0	0	2	2	1	1	1	1	1	1	0	0	0	1	1	0	1	1	1	0	0	1	0	1	0	1	2	1	2	2	1	1	0	0	0	0	1	1	0	2	0	0	0	1	1	0	0	1	2	1	0	1	0	0	0	0	0	1	1	1	0	1	2	0	0	0	0	1	2	1	0	1	0	1	1	0	1	1	0	0	1	0	1	0	2	0	0	0	1	0	0	0	0	0	1	1	0	0	0	1	0	0	1	1	0	1	0	0	0	0	1	0	0	0	1	1	0	0	0	1	0	0	1	0	1	0	0	1	0	0	0	0	1	0	0	0	0	0	0	0	0	0	1	0	1	1	0	2	1	1	0	1	0	0	0	1	0	0	0	0	1	0	0	1	0	0	0	1	2	0	1	1	0	1	0	1	1	0	0	0	1	0	1	0	0	1	0	0	2	0	0	1	0	0	0	0	1	0	0	1	0	0	0	0	0	0	0	1	0	0	0	0	1	1	0	0	1	0	0	0	0	0	1	1	0	1	0	0	0	1	1	1	0	0	0	0	0	1	0	0	1	0	0	0	0	0	1	0	1	0	0	0	0	0	0	0	1	1	0	0	0	1	0	0	0	0	0	1	0	0	1	0	0	0	2	0	0	0	0	0	1	0	0	1	1	2	1	0	0	0	1
SNP77	A	C	0	0	0	0	0	0	0	0	0	0	0	0	0	0	0	0	0	0	0	0	0	0	0	0	0	0	0	0	0	0	0	0	0	0	0	0	0	0	0	0	0	0	0	0	0	0	0	0	0	0	0	0	0	0	0	0	0	0	0	0	0	0	0	0	0	0	0	0	0	0	0	0	0	0	0	0	0	0	0	0	0	0	0	0	0	0	0	0	0	0	0	0	0	0	0	0	0	0	0	0	0	0	0	0	0	0	0	0	0	0	0	0	0	0	0	0	0	0	0	0	0	0	0	0	0	0	0	0	0	0	0	0	0	0	0	0	0	0	0	0	0	0	0	0	0	0	0	0	0	0	0	0	0	0	0	0	0	0	0	0	0	0	0	0	0	0	0	0	0	0	0	0	0	0	0	0	0	0	0	0	0	0	0	0	0	0	0	0	0	0	0	0	0	0	0	0	0	0	0	0	0	0	0	0	0	0	0	0	0	0	0	0	0	0	0	0	0	0	0	1	0	0	1	1	0	0	0	0	0	0	0	0	0	0	0	0	0	0	0	0	0	0	0	0	0	0	0	0	0	0	0	0	0	0	0	0	0	0	0	0	0	0	1	0	0	0	0	0	0	0	0	0	0	0	0	0	0	0	0	0	0	0	0	0	0	0	0	0	0	0	0	0	0	0	0	0	0	0	0	0	0	0	0	0	0	0	0	0	0	1	1	0	0	0	0	0	0	0	0	0	0	0	0	1	0	0	0	0	0	0	0	0	0	0	0	0	0	0	0	0	0	0	0	0	0	0	0	0	0	0	0	0	0	0	0	0	0	0	0	0	0	0	0	0	0	0	1	0	0	0	0	0	0	0	0	0	0	0	0	0	0	0	0	0	0	0	0	0	0	1	0	0	0	0	0	0	0	0	0	0
SNP78	A	T	1	0	2	2	1	1	0	2	1	1	1	0	0	0	0	0	0	2	1	2	0	1	1	0	1	1	2	1	2	2	1	1	2	2	2	0	1	1	1	2	2	1	2	1	1	2	2	2	0	1	2	1	0	1	1	0	2	0	2	2	1	1	1	2	1	1	1	1	1	1	2	0	1	2	1	1	1	2	2	1	1	2	1	2	1	1	2	2	0	2	1	0	2	1	2	2	1	1	1	2	2	2	1	1	2	2	2	1	0	0	0	1	1	2	1	1	2	0	0	2	0	1	1	1	2	1	1	2	1	0	0	0	2	1	1	2	0	1	1	1	1	0	0	0	0	0	2	0	0	0	1	1	0	1	2	2	1	0	1	0	0	1	0	0	1	1	1	1	0	1	1	0	0	2	0	2	0	1	1	1	2	2	0	2	1	1	1	1	1	0	1	2	0	1	2	1	2	0	1	0	0	1	0	1	1	1	1	0	1	0	1	1	1	1	0	2	0	1	0	0	1	1	1	1	1	2	1	0	0	1	1	2	0	2	1	0	1	0	2	0	1	0	1	0	0	2	1	0	2	1	0	1	1	0	0	1	1	1	1	1	0	2	1	1	2	1	0	0	0	0	0	1	0	1	0	1	1	2	0	1	1	1	0	2	2	0	0	1	0	2	1	1	1	1	1	1	1	1	0	1	1	1	0	1	0	1	2	0	0	0	0	0	1	1	0	1	0	0	0	0	1	1	0	1	1	0	2	1	0	2	1	1	1	1	0	1	0	0	0	0	1	1	1	1	1	1	1	1	1	0	1	0	1	2	0	1	0	0	1	1	0	1	0	1	1	2	1	0	1	0	0	1	0	0	1	0	0	1	0	2	0	1	2	1	0	0	1	2	1	1	1	1	1	1	0	2	2	0	1	1
SNP79	A	G	0	1	2	0	0	2	1	1	1	1	1	2	2	2	1	2	2	1	1	1	2	1	1	1	2	0	0	1	2	2	0	1	2	2	2	1	1	1	1	1	0	1	0	1	0	1	1	1	1	0	1	1	0	1	1	1	0	1	1	2	2	1	0	0	1	1	1	2	0	2	1	0	1	2	1	0	1	1	2	2	1	0	2	0	2	1	1	0	0	1	1	2	2	1	2	1	1	1	1	0	2	1	0	1	0	2	2	1	2	1	1	0	1	1	0	1	2	0	2	2	1	1	1	0	1	1	0	0	1	1	1	1	1	1	0	0	1	1	2	0	2	0	1	1	1	1	0	1	1	0	2	1	1	0	2	0	0	0	1	1	2	1	2	2	1	1	1	2	2	2	2	2	1	2	1	1	2	1	1	2	2	1	2	2	1	2	1	2	1	2	1	2	2	1	1	1	2	2	2	1	2	1	1	1	2	1	2	2	0	1	1	2	2	2	1	1	1	0	1	2	1	2	2	2	1	2	2	1	2	2	2	2	0	2	2	2	2	2	2	2	1	2	2	1	1	2	1	2	1	0	2	1	2	1	2	1	0	2	0	1	1	1	0	1	2	0	1	0	2	1	2	1	0	2	2	1	1	2	1	2	1	0	1	1	1	0	0	2	1	0	0	1	2	0	1	0	1	2	1	0	1	1	1	0	0	0	0	1	0	0	0	0	0	0	0	1	0	1	0	0	0	1	0	1	1	0	0	2	0	0	1	0	0	1	1	1	2	1	1	0	1	1	0	1	2	1	0	0	0	0	0	0	2	1	0	0	2	0	0	1	1	2	1	1	0	1	1	0	1	1	0	1	1	1	1	0	0	1	0	0	1	1	0	0	0	1	0	0	1	1	1	0	0	1	0	1	0	1	1	2
SNP80	A	C	2	2	0	2	1	1	1	1	1	0	2	1	1	1	0	1	0	0	2	1	1	1	1	0	2	0	0	1	2	0	1	0	2	1	0	0	0	1	2	1	1	0	0	0	0	1	2	1	2	1	0	1	1	0	0	2	0	1	0	1	1	0	2	0	1	1	0	0	0	1	0	1	2	0	2	0	0	0	0	2	1	2	1	1	1	1	0	1	0	0	1	1	0	1	0	1	0	0	2	1	1	1	1	0	1	2	0	0	0	0	1	0	1	1	0	2	0	1	1	1	1	0	1	2	2	1	1	0	2	2	2	1	1	1	2	1	1	1	1	2	0	1	2	2	2	2	0	2	1	2	2	0	1	1	1	1	0	2	0	1	0	0	2	0	0	0	0	1	0	1	1	0	1	1	0	0	1	0	1	1	1	1	0	1	1	0	1	1	0	1	0	0	0	1	0	0	2	1	0	1	1	1	1	1	1	0	1	1	1	1	2	1	1	1	0	0	2	1	0	1	1	1	2	1	1	1	1	2	1	0	1	1	1	0	0	1	1	2	0	1	1	2	0	2	1	2	2	1	2	1	2	0	1	1	1	2	2	1	1	1	1	2	0	2	1	1	1	0	0	0	1	1	0	2	1	1	1	1	1	1	0	1	0	1	1	0	1	1	2	0	1	1	1	1	0	1	0	1	0	2	0	1	1	0	1	2	0	1	0	1	2	2	1	1	2	1	0	2	0	1	1	0	1	0	0	0	1	2	0	1	1	0	0	0	1	0	1	0	0	0	0	1	2	1	1	0	0	1	1	1	2	1	1	0	0	0	0	0	1	1	0	0	0	0	0	0	0	0	2	0	0	1	1	0	1	0	0	1	1	0	0	0	0	0	0	1	0	1	0	0	0	1	1	1	0	0	0	0	0	0
SNP81	A	T	0	1	1	1	1	1	1	1	0	1	1	0	1	1	1	1	1	2	0	0	0	1	1	1	1	0	0	0	1	1	1	1	2	0	1	0	0	0	1	2	2	1	1	2	2	1	2	1	1	2	1	0	1	1	1	2	0	0	0	1	1	1	1	0	1	1	0	1	1	0	0	1	0	2	1	1	0	0	0	1	2	1	0	2	1	2	0	0	1	1	1	2	1	1	2	1	0	1	2	0	0	1	0	1	1	1	0	1	2	0	2	2	0	1	2	0	1	1	1	1	1	0	1	2	0	1	0	0	2	0	1	0	2	1	1	2	1	0	1	2	0	0	1	2	2	0	1	2	1	1	2	0	0	1	1	1	1	2	2	2	1	1	0	1	1	0	1	1	2	2	0	1	1	1	1	0	1	1	0	1	1	0	1	1	2	1	0	2	0	1	1	1	1	1	1	0	0	1	1	1	1	0	0	0	0	1	0	0	0	1	0	0	0	1	0	0	0	1	0	0	0	0	0	1	0	0	1	1	0	0	0	0	0	2	0	0	0	0	1	0	0	0	1	2	0	0	0	0	1	0	1	0	0	1	0	0	0	1	1	1	1	0	0	0	1	0	0	0	2	0	0	0	0	1	0	0	0	1	1	2	1	0	0	1	0	0	0	1	0	2	1	1	0	0	0	0	0	1	0	0	0	0	0	0	0	0	2	1	0	0	0	1	1	1	1	0	1	0	1	1	1	1	0	0	1	0	0	1	0	0	1	0	0	0	1	1	0	1	0	0	1	1	0	0	0	0	0	1	0	0	1	0	0	1	0	0	1	1	0	1	0	1	0	1	1	0	1	0	1	1	1	0	0	0	0	0	0	0	0	1	1	0	1	0	1	0	0	0	1	1	0	0	1	1	1	1	1	0	2	0
SNP82	A	G	0	1	0	0	0	0	1	0	1	0	0	0	0	0	0	1	0	0	0	1	0	0	0	0	1	1	1	0	0	0	2	0	0	0	0	1	1	0	0	0	0	2	0	0	0	0	2	1	1	2	1	1	0	0	0	0	0	1	0	1	0	2	1	1	0	0	1	1	1	0	0	0	1	0	0	1	2	2	2	0	2	1	1	0	1	1	1	0	0	0	0	1	0	1	0	0	1	1	0	0	0	0	0	0	0	0	1	0	0	2	0	0	1	1	0	2	0	2	1	0	0	0	1	0	0	0	0	0	0	0	1	0	0	1	1	0	0	0	1	1	0	0	0	1	0	0	0	1	0	1	0	0	0	0	0	0	1	1	0	0	0	0	0	0	0	0	1	1	0	0	0	1	0	0	0	0	0	0	0	0	1	1	0	0	0	0	0	0	0	0	0	0	0	0	0	1	0	1	0	0	0	0	0	1	0	1	1	0	0	2	0	0	0	0	1	1	1	0	0	0	0	0	1	0	1	1	0	2	1	0	1	0	0	0	0	1	0	0	0	0	0	0	1	1	1	0	0	0	1	0	1	0	0	1	1	1	1	1	0	0	1	1	1	1	0	2	0	0	0	0	0	0	0	0	2	1	0	1	0	1	0	1	0	1	2	0	0	0	0	0	0	1	1	1	0	0	1	0	1	1	0	0	0	0	0	0	1	0	0	0	0	0	0	0	0	0	0	1	1	0	1	0	0	0	0	0	1	0	1	0	0	0	0	0	1	0	0	0	0	0	1	0	0	1	0	0	0	0	0	1	0	0	0	0	1	0	0	0	1	0	0	1	2	1	2	0	1	1	1	1	1	0	1	0	1	1	0	1	2	2	1	0	1	1	0	1	0	1	1	1	0	2	1	2	0	1	1	1	2	0
SNP83	A	C	0	0	0	0	0	0	0	0	0	0	0	0	0	0	0	0	0	0	0	0	0	0	0	0	0	0	0	0	0	0	0	0	0	0	0	0	0	0	0	0	0	0	0	0	0	0	0	0	0	0	0	0	0	0	0	0	0	0	0	0	0	0	0	0	0	0	0	0	0	0	0	0	0	0	0	0	0	0	0	0	0	0	0	0	0	0	0	0	0	0	0	0	0	0	0	0	0	0	0	0	0	0	0	0	0	0	0	0	0	0	0	0	0	0	0	0	0	0	0	0	0	0	0	0	0	0	0	0	0	0	0	0	0	0	0	0	0	0	0	0	0	0	0	0	0	0	0	0	0	0	0	0	0	0	0	0	0	0	0	0	0	0	0	0	0	0	0	0	0	0	0	0	0	0	0	0	0	0	0	0	0	0	0	0	0	0	0	0	0	0	0	0	0	0	0	0	0	0	0	0	0	0	0	0	0	0	0	0	0	0	0	0	0	0	0	0	0	0	0	0	0	0	0	0	0	0	0	0	0	0	0	0	0	0	0	0	0	0	0	0	0	0	0	0	0	0	0	0	0	0	0	0	0	0	0	0	0	0	0	0	0	0	0	0	0	0	0	0	0	0	0	0	0	0	0	0	0	0	0	0	0	0	0	0	0	0	0	0	0	0	0	0	0	0	0	0	0	0	0	0	0	0	0	0	0	0	0	0	0	0	0	0	0	0	0	0	0	0	0	0	0	0	0	0	0	0	0	0	0	0	1	0	0	0	0	0	0	0	0	0	0	0	0	0	0	0	0	0	0	0	0	0	0	0	0	0	0	0	0	0	0	0	0	0	0	0	0	0	0	0	0	1	0	0	0	0	0	1	0	0	0	0	0	0	0	0	0	1	0	0	0	0	0	0	0	0	0	0	1	0
SNP84	A	T	0	0	0	0	0	0	0	0	0	0	0	0	0	0	0	0	0	0	0	0	0	0	0	0	0	0	0	0	0	0	0	0	0	0	0	0	0	0	0	0	0	0	0	0	0	0	0	0	0	0	0	0	0	0	0	0	0	0	0	0	0	0	0	0	0	0	0	0	0	0	0	0	0	0	0	0	0	0	0	0	0	0	0	0	0	0	0	0	0	0	0	0	0	0	0	0	0	0	0	0	0	0	0	0	0	0	0	0	0	0	0	0	0	0	0	0	0	0	0	0	0	0	0	0	0	0	0	0	0	0	0	0	0	0	0	0	0	0	0	0	0	0	0	0	0	0	0	0	0	0	0	0	0	0	0	0	0	0	0	0	0	0	0	0	0	0	0	0	0	0	0	0	0	0	0	0	0	1	0	0	1	0	0	0	0	0	0	0	0	0	0	0	0	0	0	0	0	0	0	0	0	0	0	0	0	0	0	0	1	0	1	0	0	0	0	0	0	0	0	1	0	0	0	0	0	1	0	0	1	0	0	2	0	0	0	0	1	0	0	0	1	0	1	1	0	1	0	0	1	0	1	0	0	0	0	0	0	0	0	0	0	1	0	0	0	1	0	0	0	0	0	0	1	2	0	0	0	0	0	1	0	0	0	0	0	0	1	0	0	0	0	0	0	0	2	0	0	0	0	1	0	0	0	0	0	0	1	1	1	0	0	0	0	0	0	0	0	0	0	0	0	0	0	0	0	0	0	0	0	0	0	1	1	0	0	1	0	0	0	1	0	0	0	0	1	1	0	0	0	0	0	0	0	0	0	0	0	0	0	0	0	0	0	0	0	0	1	0	0	1	0	1	0	1	0	1	0	0	0	0	1	0	0	0	0	0	0	0	1	0	1	0	0	0	0	1	0	0	0	0
SNP85	A	C	0	1	0	1	0	0	0	1	0	1	0	0	0	0	0	1	1	0	0	0	1	0	0	0	0	0	1	0	0	0	1	0	0	0	0	0	0	0	0	0	0	0	0	1	0	0	0	1	0	1	0	1	0	2	1	0	1	1	1	0	0	1	0	0	1	0	0	0	0	1	2	0	0	2	0	0	0	1	0	0	0	0	0	0	0	0	0	0	0	0	0	1	0	1	0	0	1	0	0	1	0	0	1	0	0	0	0	0	1	0	1	0	2	0	0	0	0	0	0	0	0	1	0	1	0	0	1	0	0	0	1	0	0	0	2	0	0	0	0	0	0	0	0	1	0	0	0	0	1	0	0	0	1	1	0	0	0	0	0	0	0	1	2	0	1	1	0	0	1	2	0	0	1	0	1	0	1	2	1	0	1	2	0	0	0	0	2	1	1	2	1	1	0	1	1	0	1	1	1	1	0	1	1	0	1	1	1	1	1	1	1	2	2	1	1	2	2	1	2	2	1	1	1	1	0	2	1	1	2	1	1	1	1	2	1	2	0	1	2	0	1	0	0	0	2	1	1	2	0	0	0	1	1	1	1	0	1	0	1	0	1	1	0	2	1	0	0	1	0	0	1	0	0	0	0	1	0	0	1	1	0	1	2	0	0	0	1	0	1	0	1	1	0	1	0	1	0	1	1	1	0	1	0	1	0	1	1	0	1	0	0	0	0	0	1	2	0	0	1	1	0	1	0	0	0	2	0	1	0	1	1	0	0	0	1	0	1	1	1	0	0	0	1	0	0	0	0	0	0	1	0	0	0	1	0	0	0	0	0	1	0	0	0	0	0	0	0	0	0	0	0	0	0	1	0	0	0	0	0	0	0	1	0	0	0	0	0	1	0	0	1	0	1	0	0	1	0	0	1	0
SNP86	A	C	0	1	1	0	0	0	1	0	0	0	0	0	1	0	0	1	0	1	0	0	0	0	1	0	1	1	0	0	0	0	0	0	0	1	0	0	1	0	0	0	0	0	1	0	0	0	0	1	0	0	1	0	0	1	0	0	1	0	0	0	0	1	0	0	0	0	2	1	1	1	1	0	1	0	0	1	0	1	0	0	2	0	0	1	0	1	0	0	0	2	1	0	1	1	1	0	0	1	0	0	1	0	0	0	0	0	1	0	0	0	0	1	1	1	2	0	0	1	1	0	0	1	0	1	0	1	2	2	2	1	0	0	2	1	1	2	0	2	0	1	1	1	1	1	2	1	1	1	0	0	2	0	0	1	1	1	1	1	1	0	0	1	1	1	1	0	1	0	0	0	0	1	0	0	0	1	0	0	1	1	0	1	0	0	1	0	0	0	2	2	0	0	0	0	1	2	0	0	1	0	1	0	1	0	0	1	0	1	1	0	1	0	1	0	0	0	0	1	0	1	0	2	0	0	0	1	1	0	1	0	1	0	0	0	0	1	0	0	1	0	1	1	0	0	1	1	1	0	1	0	0	0	0	0	1	1	1	0	0	0	2	1	1	0	0	0	1	1	0	0	0	0	0	0	0	1	0	0	0	0	0	0	0	0	1	1	0	1	0	0	0	0	0	0	1	0	2	0	2	1	0	1	1	1	0	1	1	0	0	1	2	2	0	1	1	0	0	2	0	0	0	0	0	0	0	1	0	0	0	1	0	0	0	1	0	0	1	0	0	0	1	0	2	0	0	1	0	1	0	1	1	1	0	0	0	0	0	0	1	1	2	1	0	0	0	1	0	0	0	0	0	1	0	1	0	1	0	0	2	1	0	1	0	0	0	0	1	1	0	0	1	1	2	1	1	0	1	2	0	0
SNP87	A	T	0	0	0	0	1	0	0	0	0	0	0	0	0	0	0	0	0	0	0	0	0	0	0	0	0	0	0	0	1	0	0	0	0	0	0	0	1	0	0	0	0	0	0	0	1	0	0	0	1	0	0	0	0	0	0	0	0	0	1	0	0	0	0	0	1	0	0	0	0	0	0	0	0	0	0	0	0	0	0	0	0	0	0	0	0	0	0	0	0	0	0	0	0	0	0	0	1	0	0	0	0	0	0	0	0	0	0	0	0	0	0	0	0	0	1	0	0	0	0	0	0	0	0	0	0	0	0	0	0	0	0	0	0	0	0	0	0	0	0	0	0	0	0	0	0	0	0	0	0	0	0	0	0	0	0	0	0	0	0	0	0	0	0	0	0	0	0	0	0	0	0	0	0	0	0	0	0	0	0	0	0	0	0	0	0	0	0	0	0	0	0	0	0	0	0	0	0	0	0	0	0	0	0	0	0	0	0	0	0	0	0	0	0	0	0	0	0	0	0	0	0	0	0	0	0	0	0	0	0	0	0	0	0	0	0	0	0	0	0	0	0	0	0	0	0	0	0	0	0	0	1	0	0	0	0	0	0	0	0	0	0	0	0	0	0	0	0	0	0	0	0	0	0	1	0	0	0	0	0	0	0	0	0	0	0	0	0	0	0	0	0	0	0	0	0	0	0	0	0	0	0	0	0	0	0	0	0	0	0	0	0	0	0	0	0	0	0	0	1	0	1	2	0	1	0	0	0	0	0	0	0	0	0	1	0	0	0	0	0	0	0	0	0	0	0	0	0	0	0	0	1	0	1	0	0	0	0	0	1	0	1	0	0	0	0	0	0	0	0	0	0	0	0	0	0	0	0	0	0	0	0	0	0	0	0	0	0	0	0	0	0	0	0	0	0	0	0	0	0	0
SNP88	A	C	1	0	0	0	0	0	1	1	0	2	0	0	0	0	0	1	1	0	1	0	1	1	1	0	1	2	0	0	0	0	1	2	1	0	0	2	0	1	0	1	1	1	0	1	1	0	2	2	1	1	0	1	0	0	1	0	1	1	0	0	1	1	1	0	1	1	0	0	2	1	0	1	1	2	2	1	0	0	1	2	0	1	0	1	1	0	0	1	0	1	1	1	0	0	0	1	2	0	0	1	0	1	1	1	2	0	0	0	1	1	1	0	0	1	0	0	1	0	0	1	1	0	0	0	0	0	2	0	0	2	0	0	0	1	0	0	1	0	0	0	0	0	1	1	0	0	0	1	0	0	0	0	0	0	0	1	0	0	0	0	0	0	0	0	0	0	0	0	0	0	0	0	0	0	0	0	0	0	0	0	0	0	0	0	0	0	0	0	0	0	0	0	0	0	0	0	0	0	0	0	0	0	0	0	0	0	0	0	0	0	0	1	0	0	1	0	0	0	0	0	1	0	0	1	0	0	0	0	0	0	0	0	0	0	0	0	0	0	0	0	2	0	0	1	2	0	0	1	1	1	1	0	1	0	1	0	0	2	0	1	1	2	1	0	1	1	0	0	0	0	1	2	1	0	0	0	1	1	1	1	0	0	0	0	2	0	1	0	1	0	1	0	1	1	1	1	0	0	0	1	0	1	1	1	0	0	0	1	1	0	0	0	0	1	1	0	0	0	0	1	0	0	0	1	1	0	1	1	0	0	0	0	1	0	0	2	0	0	0	1	0	0	1	0	0	0	1	0	0	0	0	1	1	1	1	0	1	1	0	0	0	1	0	0	0	0	0	0	2	0	1	1	0	1	0	1	0	1	1	0	0	0	0	0	0	0	0	1	0	0	0	1	0	0	0	0	0	0	0	1
SNP89	A	T	0	0	0	0	1	1	1	1	0	0	0	0	1	1	0	1	0	0	0	0	0	0	1	1	0	1	0	1	2	1	1	0	1	1	0	1	1	1	0	1	1	0	0	0	1	0	2	1	1	0	0	0	0	0	0	0	0	1	0	0	1	1	1	1	0	1	0	0	1	0	1	0	1	2	1	0	0	0	1	0	1	1	1	0	1	0	1	0	0	0	0	0	0	1	1	0	1	0	1	1	0	2	2	0	1	1	0	1	2	0	0	1	0	0	1	1	1	1	1	0	0	0	1	1	0	0	0	0	0	1	1	1	1	0	1	0	2	0	0	1	1	1	0	2	1	1	0	0	1	0	2	0	0	0	0	2	1	0	0	0	1	1	1	1	0	0	1	1	1	1	0	0	2	2	0	0	2	2	1	1	2	1	0	1	0	1	0	0	1	0	1	0	0	0	0	2	1	1	0	1	1	1	0	1	1	0	0	2	1	0	1	0	0	2	0	1	0	1	0	1	0	0	0	0	1	1	1	1	1	1	1	0	1	0	1	1	1	1	1	0	1	0	2	1	2	0	0	2	0	0	1	1	0	0	0	1	0	0	0	1	0	0	1	0	1	2	1	2	0	1	0	0	0	0	0	0	1	0	1	0	0	1	2	0	1	1	2	1	2	1	1	0	0	1	1	1	0	1	0	0	1	0	0	1	1	1	1	1	1	0	0	2	0	0	1	1	1	0	0	1	1	1	1	0	1	1	1	0	0	1	2	0	0	0	0	0	1	0	0	0	0	2	0	0	1	1	2	1	2	1	0	1	2	1	0	1	1	1	0	2	2	1	2	2	1	0	1	2	1	1	1	1	1	0	1	1	0	0	1	1	1	0	1	0	1	1	1	0	2	2	1	1	1	2	0	2	0	1	0	2
SNP90	A	G	0	0	0	0	0	0	0	0	0	0	0	0	0	0	1	0	0	0	0	1	0	0	0	0	0	0	0	0	0	0	0	0	0	0	0	0	0	0	1	0	0	0	0	1	1	1	1	0	0	1	0	0	0	0	0	0	0	0	0	0	1	0	0	0	0	0	0	0	0	0	2	0	0	0	0	1	1	0	0	1	0	0	0	0	0	0	1	0	1	0	0	0	0	1	0	1	0	0	0	0	1	0	0	0	0	0	0	0	0	0	0	2	0	0	1	1	0	1	2	0	0	0	0	0	0	0	0	0	0	0	2	0	0	0	1	0	0	0	1	0	0	0	0	0	0	0	0	0	0	0	0	0	0	0	1	0	0	0	0	0	1	1	0	0	1	0	1	0	0	0	1	0	0	0	0	0	0	0	1	0	0	0	0	0	0	0	0	0	0	0	0	0	0	0	0	0	0	0	0	0	0	1	0	0	0	0	0	0	0	0	0	0	0	0	0	0	0	0	0	0	0	0	0	0	0	0	0	0	0	0	0	0	0	0	0	0	0	0	0	0	0	0	0	0	0	0	0	0	0	0	0	0	0	0	0	0	0	0	0	0	0	0	0	0	0	0	0	0	0	0	0	1	0	0	0	0	0	0	0	0	0	0	0	0	0	0	0	0	0	0	0	0	0	0	0	0	0	0	0	0	0	0	0	0	0	0	0	0	0	0	0	0	0	0	0	0	0	0	0	0	0	0	0	0	0	0	0	0	0	0	0	0	0	0	0	0	0	0	0	0	0	0	0	0	0	0	0	0	0	0	0	0	0	0	0	0	0	0	0	0	0	0	0	0	0	0	0	0	0	0	0	0	0	0	0	0	0	0	0	0	0	0	0	1	0	0	0	0	0	0	0	0	0	0	0	0	0	0	0	0
SNP91	A	T	0	1	0	0	0	1	0	1	1	0	1	0	1	0	1	0	0	0	1	0	1	0	0	1	1	0	0	0	0	0	0	0	0	0	0	0	0	0	0	0	0	0	1	1	0	1	1	0	1	0	0	1	2	1	0	1	2	0	0	0	1	0	2	2	1	1	0	0	0	0	1	1	1	0	0	0	0	1	0	1	0	2	1	1	0	1	0	1	1	1	0	1	1	2	0	0	2	1	1	1	1	2	1	1	1	0	1	2	1	0	1	0	1	0	1	1	1	0	1	0	2	0	0	0	1	1	0	2	2	1	2	1	0	1	1	0	0	1	0	0	0	1	1	1	1	1	1	2	1	1	1	1	0	0	1	2	2	0	0	1	1	0	0	0	0	0	0	0	0	0	1	0	1	0	0	0	0	0	0	1	1	0	1	0	0	0	0	0	0	0	0	0	0	1	0	1	0	0	2	1	1	1	1	1	2	0	0	1	1	0	2	0	2	1	2	0	0	1	1	1	0	0	1	0	1	0	0	0	0	1	0	0	0	2	0	1	1	1	0	0	1	2	1	0	0	1	0	0	0	1	2	0	1	1	0	1	1	1	0	1	0	0	0	1	1	0	1	2	0	2	0	0	1	0	2	0	0	0	1	0	0	2	0	0	0	0	1	0	0	0	1	0	0	0	1	0	0	1	1	0	1	1	1	1	0	0	1	0	1	1	1	1	0	1	2	0	0	0	0	1	2	2	2	1	0	1	0	1	1	0	1	1	1	0	0	2	0	0	2	0	1	0	0	0	0	2	1	0	2	1	1	0	2	1	1	2	0	1	2	0	1	1	1	1	1	1	1	1	2	1	1	2	1	0	2	1	2	1	1	1	1	1	2	0	1	1	2	1	2	1	1	2	0	0	1	1	1	2	1	0
SNP92	A	T	0	1	1	1	0	1	2	2	2	0	2	0	2	0	0	1	0	1	0	0	2	1	1	1	0	1	1	0	0	0	0	0	1	1	1	1	0	0	1	1	1	1	1	0	2	2	2	0	0	1	0	0	1	1	2	1	1	1	1	1	1	1	0	0	1	2	1	0	1	2	1	0	0	1	1	0	2	0	0	1	0	0	0	1	1	0	2	1	0	0	0	1	1	1	1	0	1	1	1	1	1	0	1	1	2	0	0	1	1	1	0	0	1	0	1	1	0	0	1	0	1	2	1	0	0	2	1	1	1	0	2	0	0	0	0	2	1	1	1	1	0	1	1	1	1	0	0	0	1	2	2	1	0	1	2	2	1	2	1	0	1	0	1	0	0	1	0	0	1	0	0	0	0	0	0	0	0	0	1	2	1	0	1	1	1	1	0	0	0	1	0	0	1	0	0	0	0	0	0	1	1	0	1	0	0	1	1	2	0	1	0	0	1	0	1	0	0	1	0	0	0	0	2	1	0	1	0	0	0	0	0	1	0	1	0	1	0	0	1	2	1	0	1	1	0	1	1	0	2	0	1	0	0	0	0	1	0	1	1	1	0	0	0	1	0	1	0	0	0	1	0	1	1	0	0	1	0	0	2	0	1	1	1	0	1	0	0	1	0	0	0	0	0	0	1	1	0	0	0	0	0	0	0	0	0	1	1	1	0	1	0	0	0	0	0	1	1	0	0	2	0	0	0	0	0	0	0	0	0	0	0	0	0	0	0	0	0	0	0	0	0	0	0	0	0	0	0	0	0	0	0	0	0	0	0	0	0	0	0	0	0	0	0	0	0	0	0	0	0	1	1	0	0	1	0	1	0	1	0	0	0	0	0	0	1	0	0	0	0	0	0	0	0	0	1	0	1	0	1	0
SNP93	A	C	0	0	0	0	0	0	0	0	0	0	0	0	0	0	0	0	0	0	0	0	0	0	0	0	0	0	0	0	0	0	0	0	0	0	0	0	0	1	0	0	0	0	0	0	0	0	0	0	0	0	0	0	1	0	0	0	1	0	0	0	1	1	2	0	0	0	0	0	0	0	0	0	1	0	0	0	0	1	0	0	0	0	0	0	0	0	0	0	0	0	0	0	0	0	1	0	0	0	1	1	0	1	1	0	0	0	1	0	0	1	0	0	0	1	0	0	0	0	0	0	0	0	0	0	0	1	0	0	0	0	1	0	0	1	0	0	0	0	0	0	0	1	0	0	0	0	0	0	0	0	0	0	0	0	0	0	0	0	0	0	0	0	0	0	0	0	0	0	1	0	0	0	0	0	0	0	0	0	1	0	0	0	0	0	0	0	0	1	0	0	0	0	0	0	0	0	0	0	0	0	1	0	1	0	0	0	0	0	0	0	0	0	0	1	0	0	0	1	1	1	0	0	0	0	0	1	0	0	0	0	0	1	0	0	0	1	0	0	0	0	0	0	0	0	1	0	0	0	0	2	0	0	0	0	0	0	0	0	1	1	0	0	0	0	0	0	0	0	0	0	0	0	0	0	0	0	0	0	0	0	0	0	0	0	0	0	0	0	0	0	0	0	0	0	0	0	0	0	0	0	0	0	0	0	0	0	0	0	0	0	1	0	0	0	0	0	0	0	1	0	0	0	0	0	1	0	0	0	1	0	0	0	0	0	0	1	0	0	0	0	0	0	0	1	0	0	0	0	0	0	0	0	0	0	0	0	0	0	0	0	0	0	0	0	0	1	0	0	0	0	0	0	0	0	0	0	0	0	0	0	0	0	0	0	0	0	0	0	0	0	0	0	0	0	0	0	0	0	0	0
SNP94	A	T	0	0	0	0	0	1	0	0	0	1	1	0	0	0	1	0	0	1	0	0	0	0	0	1	0	0	0	0	0	0	0	0	0	0	0	0	0	0	0	0	0	0	0	0	0	0	0	0	0	0	0	0	0	0	0	0	0	0	0	0	0	0	0	0	0	0	0	0	0	0	0	0	0	0	0	0	0	0	0	0	0	0	0	0	0	0	0	0	0	0	0	0	0	0	0	0	0	0	0	0	0	0	0	0	0	0	0	0	0	0	0	0	0	0	0	0	0	0	0	0	0	0	0	0	0	0	0	0	0	0	0	0	0	0	0	0	0	0	0	0	0	0	0	0	1	0	0	0	0	0	0	0	0	0	0	0	0	0	0	0	0	0	0	0	0	0	0	0	0	0	0	0	0	0	0	0	0	0	0	0	0	0	0	0	0	0	0	0	0	0	0	0	0	0	0	0	0	0	0	1	0	0	0	0	0	0	0	0	0	0	0	0	0	0	0	0	0	0	0	1	0	0	0	0	0	0	0	0	0	0	0	1	0	1	0	0	0	0	0	0	0	0	0	0	0	0	0	0	0	0	0	0	0	0	0	0	0	0	0	0	0	0	0	0	0	0	0	0	0	0	0	0	0	0	0	0	0	0	0	0	1	0	0	0	0	0	0	0	0	0	0	0	0	0	0	0	0	0	0	0	0	0	0	0	1	0	0	0	0	0	0	0	1	0	0	0	0	0	0	0	0	0	0	0	1	0	0	0	0	0	0	1	0	0	0	0	0	0	1	0	0	0	0	0	0	0	0	0	0	1	0	0	0	0	0	1	0	0	1	0	0	0	0	0	0	0	0	1	0	0	0	0	0	0	1	0	0	0	0	0	0	0	1	0	0	0	0	0	0	0	0	0	0	0	0	0	0	0	0	0
SNP95	A	C	1	0	0	1	0	1	0	0	1	0	0	1	1	1	2	0	1	0	1	1	2	1	0	2	0	0	0	0	0	1	0	1	0	2	1	0	1	0	1	1	1	0	0	0	1	2	0	0	1	0	1	0	1	0	1	0	0	1	0	1	0	0	0	0	0	1	0	0	1	1	0	0	0	0	0	0	1	0	1	0	0	0	0	1	0	0	0	0	1	1	0	1	1	0	0	1	0	1	1	0	0	1	0	1	0	0	0	1	1	0	1	0	0	0	0	0	2	0	0	0	1	0	1	0	1	0	0	0	1	1	0	0	0	1	0	0	2	0	0	1	0	0	0	0	0	0	0	1	1	0	0	0	0	1	1	0	1	1	1	0	1	1	0	0	2	0	0	1	1	1	1	1	0	0	2	2	0	1	1	1	1	0	1	1	1	0	1	1	1	0	2	0	1	1	1	1	1	0	2	1	0	0	0	0	0	0	1	0	0	2	0	0	0	0	0	1	0	0	1	1	0	2	0	1	0	0	1	0	0	2	0	0	0	1	1	0	0	0	0	0	0	0	1	0	1	0	0	1	0	1	1	2	1	0	1	0	0	1	0	1	2	1	1	1	0	1	0	1	0	0	1	1	1	1	0	1	0	2	0	1	0	1	0	0	0	0	0	1	0	1	0	0	1	0	1	0	1	0	0	1	0	0	0	0	1	0	0	1	0	0	0	0	1	1	1	0	1	1	1	0	1	1	1	2	0	0	1	1	0	2	1	1	0	1	1	1	0	1	0	0	0	1	1	1	0	0	1	2	2	1	0	2	0	2	0	1	1	0	0	1	0	1	0	0	1	1	1	0	1	1	1	2	1	1	0	0	0	0	1	0	0	0	1	0	0	0	0	1	1	0	0	0	0	0	0	0	0	0	1	0
SNP96	A	C	0	0	0	0	0	0	0	0	1	0	0	0	0	0	0	0	0	0	0	0	1	0	0	0	0	0	0	1	0	0	1	1	0	1	1	0	1	1	0	0	0	1	1	0	0	0	0	0	0	0	0	0	0	0	0	0	0	0	2	0	0	0	0	0	0	1	0	1	0	0	0	0	0	1	0	0	0	0	0	1	0	1	0	1	1	0	0	0	0	2	0	0	0	1	0	1	0	0	0	1	1	1	0	1	0	0	0	1	0	0	0	0	0	0	1	1	1	0	0	1	0	0	0	1	1	0	0	0	0	0	1	0	1	0	1	0	0	0	0	1	0	0	0	1	0	1	2	0	0	0	0	0	0	0	0	0	0	0	0	0	0	0	0	0	0	0	0	0	0	0	0	0	0	0	0	0	0	0	0	0	0	0	0	0	1	0	0	0	0	0	0	0	1	0	0	0	0	0	0	0	1	0	0	0	0	1	0	0	0	0	0	0	1	0	1	1	0	0	0	0	0	0	0	0	0	0	1	0	0	0	2	0	0	0	0	0	0	0	0	0	0	0	0	1	0	0	1	0	1	0	0	0	0	0	0	0	0	0	0	0	0	1	0	0	0	0	0	0	0	0	0	0	1	1	0	0	0	0	0	0	1	0	0	0	0	0	1	0	0	0	0	0	0	0	0	0	0	1	0	0	0	0	0	1	0	0	0	0	0	0	1	0	0	1	0	1	0	0	0	0	1	0	0	0	0	1	0	0	0	1	1	0	0	1	0	0	0	0	2	1	0	1	0	1	0	2	1	2	1	0	1	1	2	0	0	0	0	0	0	1	1	1	0	1	0	0	0	0	1	0	1	1	0	0	0	0	1	1	0	0	0	0	0	0	0	0	0	1	0	0	1	0	0	0	1	0	1	0	0	0
SNP97	A	T	0	0	0	1	0	0	0	1	1	1	0	0	0	0	1	0	0	0	2	0	1	0	0	0	1	2	0	0	1	0	0	0	0	0	0	1	0	1	0	0	0	0	0	1	0	0	0	0	0	0	0	0	0	0	2	1	1	0	1	0	0	1	0	1	0	0	1	0	0	1	0	0	1	1	1	0	0	1	0	0	0	1	0	0	1	1	0	1	0	1	1	1	0	1	0	1	1	1	1	1	1	1	1	1	0	1	1	0	1	0	2	0	1	1	0	0	0	1	1	1	1	1	0	0	1	1	1	2	0	0	0	1	1	2	0	0	1	1	0	0	1	1	2	2	2	1	1	1	2	1	0	2	0	1	0	0	2	0	1	1	0	0	1	1	0	1	0	1	1	2	1	0	0	0	1	0	0	0	0	1	2	2	0	1	1	1	0	1	1	1	0	1	2	0	1	1	1	1	2	0	0	0	0	0	0	0	0	0	0	0	0	0	0	0	0	0	0	0	0	0	0	1	0	0	0	1	0	0	0	0	0	0	0	0	0	0	0	0	1	0	2	0	1	0	0	1	0	0	0	0	0	0	0	0	1	0	1	2	0	0	0	0	0	1	1	0	0	0	0	0	0	1	0	0	1	0	0	1	0	0	2	0	1	1	0	0	0	0	0	0	0	0	1	0	1	0	1	0	0	1	0	0	1	1	1	0	0	0	0	0	0	0	1	0	0	0	1	1	1	1	0	0	0	2	1	1	1	1	1	1	0	1	0	0	1	1	2	1	1	1	1	0	1	1	1	0	1	0	1	0	0	2	1	0	2	0	1	1	0	2	0	0	0	0	2	0	2	0	2	0	2	0	0	1	0	1	1	0	0	0	1	2	0	1	1	0	0	0	1	0	0	0	0	0	1	1	0	0	1	0
SNP98	A	G	0	1	0	0	0	0	0	0	0	0	0	1	0	0	0	0	0	0	0	0	0	0	0	0	0	0	0	0	0	0	0	0	0	0	0	1	0	0	0	1	1	0	0	0	0	1	0	0	0	1	0	0	0	1	1	1	1	0	0	0	0	1	0	0	0	0	0	0	1	0	1	0	0	1	0	0	1	1	0	0	0	0	0	0	1	1	0	0	0	0	0	0	1	0	1	2	0	0	1	0	0	1	1	0	1	0	1	0	1	1	0	0	0	1	0	1	0	0	0	0	0	1	0	1	1	0	0	0	0	0	1	1	0	0	0	0	0	0	0	0	0	1	1	1	0	1	1	0	0	1	0	0	0	0	0	0	1	0	0	0	1	0	0	0	0	0	1	0	0	0	0	0	0	1	1	0	0	0	0	0	0	0	0	1	0	0	0	0	0	0	0	0	0	1	0	1	1	0	0	0	0	0	0	0	1	0	0	1	0	1	0	1	0	0	0	0	0	0	0	0	0	0	2	1	0	0	0	0	0	0	1	0	1	0	0	0	0	1	1	0	1	1	0	0	1	0	1	0	0	1	0	1	0	1	0	1	0	0	0	0	1	0	0	0	0	0	0	0	0	2	0	0	1	1	0	0	0	1	0	0	0	0	0	1	0	0	1	1	0	1	0	2	0	0	0	0	0	0	0	0	0	0	0	0	1	0	0	0	0	0	0	1	0	0	0	0	0	0	0	0	0	1	0	0	0	0	0	0	0	0	0	0	0	0	0	0	0	0	0	0	0	0	0	0	1	0	0	0	1	0	0	0	0	0	1	0	0	0	0	1	1	0	1	0	0	0	0	1	0	0	0	0	0	0	1	0	1	0	0	0	0	0	2	0	0	0	2	0	0	0	1	0	0	0	0	1	0	1	1	1
SNP99	A	T	0	0	0	1	0	0	0	1	0	0	0	0	0	1	0	0	0	0	0	0	0	1	0	0	0	0	0	0	0	1	1	0	0	0	1	0	0	0	0	0	1	1	0	0	0	0	0	2	0	1	0	0	0	0	0	0	0	1	1	0	0	0	0	0	1	0	2	1	1	0	1	1	1	1	1	1	1	2	2	0	1	0	0	0	0	0	0	0	0	0	0	0	0	0	0	1	0	0	0	0	0	1	0	0	0	0	1	0	0	0	0	0	0	0	0	0	0	0	0	0	0	0	1	1	0	1	1	0	1	1	1	1	0	0	1	0	0	1	1	0	0	0	0	1	0	1	0	0	1	2	0	0	0	0	0	0	1	1	0	0	0	0	0	0	1	0	0	0	0	0	0	0	0	0	0	0	0	0	0	0	0	0	1	0	0	0	0	0	0	0	0	0	0	0	0	0	0	0	0	0	0	0	0	0	0	0	0	0	0	0	0	0	0	0	0	0	0	0	0	0	0	0	0	0	0	0	0	0	0	0	0	0	0	0	0	0	0	0	0	0	0	0	0	0	0	0	0	0	0	0	0	0	0	0	0	0	0	0	0	0	0	0	0	0	0	0	0	0	0	0	0	0	0	0	0	0	0	0	0	0	0	0	0	0	0	0	0	0	0	0	0	0	0	0	0	0	0	0	0	0	0	0	0	0	0	0	0	0	0	0	0	0	0	0	0	0	0	0	0	0	0	0	0	0	0	0	0	0	0	0	0	0	0	0	0	0	0	0	0	0	0	0	0	0	0	0	0	0	0	0	0	0	0	0	0	0	0	0	0	0	0	0	0	0	0	0	0	0	0	0	0	0	0	0	0	0	0	0	0	0	0	0	0	0	0	0	0	0	0	0	0	0	0	0	0	0	0	0	0	0
SNP100	A	C	0	1	0	0	0	0	0	0	0	0	0	0	0	0	0	0	0	0	0	0	0	0	0	0	0	1	0	0	0	1	0	0	0	0	0	0	0	0	1	0	0	0	0	2	0	0	0	1	1	0	0	1	0	0	0	0	0	0	0	0	0	0	0	0	0	0	0	1	0	0	0	0	0	0	0	1	0	0	1	0	0	0	0	0	1	1	0	0	0	0	0	0	0	2	0	0	0	0	1	0	0	0	0	0	0	1	0	2	0	0	0	0	0	0	0	0	0	1	1	0	0	0	1	1	0	1	1	1	0	0	0	0	0	0	0	0	0	2	1	0	0	0	0	0	0	1	0	1	0	2	0	0	0	1	1	0	1	1	0	0	0	0	0	0	0	0	0	0	0	0	0	1	0	1	0	0	0	0	0	0	1	0	0	0	0	0	0	0	0	1	0	0	0	0	0	0	0	0	0	0	0	0	0	0	0	0	0	0	0	0	0	0	0	0	0	1	0	0	0	0	0	0	0	0	0	0	0	0	0	0	0	0	0	0	0	0	0	0	0	0	1	1	1	0	1	1	0	1	1	0	0	1	0	0	0	1	0	0	0	0	0	0	1	1	0	2	2	0	0	0	0	0	0	0	0	0	1	0	2	0	0	0	0	1	0	0	0	0	0	0	0	0	0	1	0	0	0	1	0	0	0	0	0	0	0	0	0	0	0	0	0	0	0	0	0	0	0	0	1	0	0	0	0	0	0	0	1	0	0	0	0	0	0	0	0	0	0	0	0	0	0	0	0	0	0	0	0	0	0	0	0	0	1	0	0	0	0	0	0	0	0	0	0	0	0	0	0	0	0	0	0	0	0	0	0	0	0	0	0	0	0	0	0	0	0	0	0	0	0	0	0	0	0	0	1	0	0	0	0	1
